6510.02136 	0.9669434
6510.04272 	0.9671477
6510.06409 	0.9679825
6510.08545 	0.9692872
6510.10681 	0.9707524
6510.12817 	0.9722022
6510.14954 	0.973626
6510.17090 	0.9746916
6510.19226 	0.9751242
6510.21362 	0.9749542
6510.23499 	0.974109
6510.25635 	0.9727585
6510.27771 	0.9712212
6510.29907 	0.9694763
6510.32043 	0.9676957
6510.34180 	0.9660482
6510.36316 	0.9645627
6510.38452 	0.9634029
6510.40588 	0.9623779
6510.42725 	0.9615197
6510.44861 	0.9610958
6510.46997 	0.9610563
6510.49133 	0.9613912
6510.51270 	0.9617915
6510.53406 	0.9619988
6510.55542 	0.9620208
6510.57678 	0.9621502
6510.59814 	0.9629073
6510.61951 	0.9643044
6510.64087 	0.9659038
6510.66223 	0.9673002
6510.68359 	0.9680658
6510.70496 	0.968064
6510.72632 	0.9675788
6510.74768 	0.9668598
6510.76904 	0.9660399
6510.79041 	0.965323
6510.81177 	0.9649786
6510.83313 	0.9652044
6510.85449 	0.9660086
6510.87585 	0.9672143
6510.89722 	0.9687956
6510.91858 	0.970363
6510.93994 	0.9719028
6510.96130 	0.973289
6510.98267 	0.9744561
6511.00403 	0.9755911
6511.02539 	0.9765133
6511.04675 	0.9771225
6511.06812 	0.9772388
6511.08948 	0.9771046
6511.11084 	0.976958
6511.13220 	0.9768974
6511.15356 	0.9769384
6511.17493 	0.9767938
6511.19629 	0.9762405
6511.21765 	0.9754052
6511.23901 	0.9745235
6511.26038 	0.9737254
6511.28174 	0.973101
6511.30310 	0.9727583
6511.32446 	0.9727238
6511.34583 	0.9731896
6511.36719 	0.9740269
6511.38855 	0.9748964
6511.40991 	0.9753547
6511.43127 	0.9753084
6511.45264 	0.9752066
6511.47400 	0.9754581
6511.49536 	0.9763556
6511.51672 	0.977459
6511.53809 	0.9781574
6511.55945 	0.9778513
6511.58081 	0.9763257
6511.60217 	0.9740058
6511.62354 	0.9714494
6511.64490 	0.9694718
6511.66626 	0.9683892
6511.68762 	0.967902
6511.70898 	0.9676629
6511.73035 	0.9671478
6511.75171 	0.9662474
6511.77307 	0.9652117
6511.79443 	0.9641061
6511.81580 	0.9628793
6511.83716 	0.9614694
6511.85852 	0.9595025
6511.87988 	0.9570923
6511.90125 	0.9542239
6511.92261 	0.9510686
6511.94397 	0.948182
6511.96533 	0.9458431
6511.98669 	0.9440057
6512.00806 	0.942645
6512.02942 	0.9414911
6512.05078 	0.940416
6512.07214 	0.9394746
6512.09351 	0.9386833
6512.11487 	0.9380999
6512.13623 	0.9376692
6512.15759 	0.9373469
6512.17896 	0.9372512
6512.20032 	0.9375917
6512.22168 	0.9385132
6512.24304 	0.9400225
6512.26440 	0.9423541
6512.28577 	0.9454851
6512.30713 	0.9492562
6512.32849 	0.9538871
6512.34985 	0.9587058
6512.37122 	0.9634236
6512.39258 	0.9673791
6512.41394 	0.9702894
6512.43530 	0.9725671
6512.45667 	0.975096
6512.47803 	0.9782964
6512.49939 	0.9821783
6512.52075 	0.9861129
6512.54211 	0.9893777
6512.56348 	0.9920676
6512.58484 	0.9942377
6512.60620 	0.9958453
6512.62756 	0.996954
6512.64893 	0.9974685
6512.67029 	0.9977167
6512.69165 	0.9984563
6512.71301 	1.000028
6512.73438 	1.002331
6512.75574 	1.004814
6512.77710 	1.006577
6512.79846 	1.007682
6512.81982 	1.008235
6512.84119 	1.008662
6512.86255 	1.008962
6512.88391 	1.008848
6512.90527 	1.008192
6512.92664 	1.00692
6512.94800 	1.005288
6512.96936 	1.003366
6512.99072 	1.001529
6513.01208 	1.000161
6513.03345 	0.9996354
6513.05481 	1.00031
6513.07617 	1.002046
6513.09753 	1.004573
6513.11890 	1.007573
6513.14026 	1.010808
6513.16162 	1.014159
6513.18298 	1.017094
6513.20435 	1.019037
6513.22571 	1.019629
6513.24707 	1.018945
6513.26843 	1.01766
6513.28979 	1.016467
6513.31116 	1.015782
6513.33252 	1.015612
6513.35388 	1.015515
6513.37524 	1.015314
6513.39661 	1.014795
6513.41797 	1.013926
6513.43933 	1.012714
6513.46069 	1.011199
6513.48206 	1.009672
6513.50342 	1.008224
6513.52478 	1.006984
6513.54614 	1.006013
6513.56750 	1.005128
6513.58887 	1.004357
6513.61023 	1.003674
6513.63159 	1.003155
6513.65295 	1.003033
6513.67432 	1.00326
6513.69568 	1.004004
6513.71704 	1.005251
6513.73840 	1.006748
6513.75977 	1.008078
6513.78113 	1.008896
6513.80249 	1.009032
6513.82385 	1.008435
6513.84521 	1.007462
6513.86658 	1.006581
6513.88794 	1.005978
6513.90930 	1.005795
6513.93066 	1.005837
6513.95203 	1.005742
6513.97339 	1.005187
6513.99475 	1.003995
6514.01611 	1.002534
6514.03748 	1.001058
6514.05884 	0.9997442
6514.08020 	0.9985278
6514.10156 	0.9969895
6514.12292 	0.9948211
6514.14429 	0.9921162
6514.16565 	0.9894949
6514.18701 	0.9873966
6514.20837 	0.9860341
6514.22974 	0.9854056
6514.25110 	0.9849889
6514.27246 	0.9844767
6514.29382 	0.9836605
6514.31519 	0.9825203
6514.33655 	0.9811793
6514.35791 	0.9794798
6514.37927 	0.9775836
6514.40063 	0.975726
6514.42200 	0.9734547
6514.44336 	0.9705445
6514.46472 	0.9665689
6514.48608 	0.961112
6514.50745 	0.9545874
6514.52881 	0.9469381
6514.55017 	0.9379172
6514.57153 	0.9273134
6514.59290 	0.9149957
6514.61426 	0.9024836
6514.63562 	0.8917302
6514.65698 	0.883042
6514.67834 	0.876195
6514.69971 	0.8708541
6514.72107 	0.8668854
6514.74243 	0.8655178
6514.76379 	0.8671526
6514.78516 	0.8719069
6514.80652 	0.8783352
6514.82788 	0.8858587
6514.84924 	0.8940855
6514.87061 	0.9029518
6514.89197 	0.9127079
6514.91333 	0.9221187
6514.93469 	0.9312234
6514.95605 	0.9401625
6514.97742 	0.9491363
6514.99878 	0.9583303
6515.02014 	0.9666566
6515.04150 	0.9734492
6515.06287 	0.9786375
6515.08423 	0.9823697
6515.10559 	0.9853997
6515.12695 	0.9879268
6515.14832 	0.9900138
6515.16968 	0.9921355
6515.19104 	0.9946566
6515.21240 	0.997444
6515.23376 	1.000285
6515.25513 	1.002632
6515.27649 	1.004226
6515.29785 	1.004937
6515.31921 	1.004769
6515.34058 	1.003821
6515.36194 	1.002386
6515.38330 	1.000923
6515.40466 	0.9997987
6515.42603 	0.9990222
6515.44739 	0.9981254
6515.46875 	0.9967949
6515.49011 	0.9950738
6515.51147 	0.9933451
6515.53284 	0.9920677
6515.55420 	0.9911326
6515.57556 	0.9898639
6515.59692 	0.9877017
6515.61829 	0.9844686
6515.63965 	0.9804791
6515.66101 	0.976295
6515.68237 	0.9718396
6515.70374 	0.9671827
6515.72510 	0.9621429
6515.74646 	0.9568961
6515.76782 	0.9522486
6515.78918 	0.9486707
6515.81055 	0.9465086
6515.83191 	0.9453986
6515.85327 	0.9451418
6515.87463 	0.9456574
6515.89600 	0.947106
6515.91736 	0.9497129
6515.93872 	0.9534108
6515.96008 	0.957698
6515.98145 	0.9616367
6516.00281 	0.9646953
6516.02417 	0.967024
6516.04553 	0.968922
6516.06689 	0.9708399
6516.08826 	0.9729949
6516.10962 	0.974834
6516.13098 	0.9755515
6516.15234 	0.9747124
6516.17371 	0.9726206
6516.19507 	0.9697695
6516.21643 	0.9666126
6516.23779 	0.9628443
6516.25916 	0.958047
6516.28052 	0.951655
6516.30188 	0.9433946
6516.32324 	0.9340706
6516.34460 	0.9228482
6516.36597 	0.9097664
6516.38733 	0.894753
6516.40869 	0.8778041
6516.43005 	0.8605705
6516.45142 	0.8429516
6516.47278 	0.8256906
6516.49414 	0.8100954
6516.51550 	0.7967162
6516.53687 	0.7869722
6516.55823 	0.7813529
6516.57959 	0.7791915
6516.60095 	0.7803184
6516.62231 	0.7850002
6516.64368 	0.7936519
6516.66504 	0.8052745
6516.68640 	0.8188897
6516.70776 	0.8327153
6516.72913 	0.8470502
6516.75049 	0.8622946
6516.77185 	0.8768303
6516.79321 	0.8902475
6516.81458 	0.9011162
6516.83594 	0.9094287
6516.85730 	0.9162194
6516.87866 	0.9216141
6516.90002 	0.9254897
6516.92139 	0.9275921
6516.94275 	0.9282252
6516.96411 	0.928083
6516.98547 	0.9276444
6517.00684 	0.9270467
6517.02820 	0.9265319
6517.04956 	0.9267259
6517.07092 	0.9281845
6517.09229 	0.9311677
6517.11365 	0.9354344
6517.13501 	0.94028
6517.15637 	0.945414
6517.17773 	0.9511502
6517.19910 	0.9571822
6517.22046 	0.9634687
6517.24182 	0.9695303
6517.26318 	0.9748363
6517.28455 	0.9796415
6517.30591 	0.9840971
6517.32727 	0.9883651
6517.34863 	0.9926294
6517.37000 	0.9965227
6517.39136 	0.9999635
6517.41272 	1.002694
6517.43408 	1.004637
6517.45544 	1.005814
6517.47681 	1.006407
6517.49817 	1.006966
6517.51953 	1.007729
6517.54089 	1.008542
6517.56226 	1.009184
6517.58362 	1.00948
6517.60498 	1.009611
6517.62634 	1.00992
6517.64771 	1.010559
6517.66907 	1.011199
6517.69043 	1.011461
6517.71179 	1.011297
6517.73315 	1.010589
6517.75452 	1.009183
6517.77588 	1.006855
6517.79724 	1.003568
6517.81860 	0.9992788
6517.83997 	0.9946846
6517.86133 	0.9902163
6517.88269 	0.9856572
6517.90405 	0.9811241
6517.92542 	0.9768607
6517.94678 	0.973433
6517.96814 	0.9713631
6517.98950 	0.9707395
6518.01086 	0.9713649
6518.03223 	0.9729347
6518.05359 	0.9753232
6518.07495 	0.9785672
6518.09631 	0.9824061
6518.11768 	0.986145
6518.13904 	0.9897574
6518.16040 	0.9932761
6518.18176 	0.9966852
6518.20313 	1.000175
6518.22449 	1.003477
6518.24585 	1.006508
6518.26721 	1.009538
6518.28857 	1.012448
6518.30994 	1.015219
6518.33130 	1.017305
6518.35266 	1.018484
6518.37402 	1.018865
6518.39539 	1.018822
6518.41675 	1.018627
6518.43811 	1.018134
6518.45947 	1.017263
6518.48083 	1.016357
6518.50220 	1.015889
6518.52356 	1.016295
6518.54492 	1.017544
6518.56628 	1.018847
6518.58765 	1.019328
6518.60901 	1.018518
6518.63037 	1.016765
6518.65173 	1.014808
6518.67310 	1.013276
6518.69446 	1.012439
6518.71582 	1.01201
6518.73718 	1.01153
6518.75854 	1.010995
6518.77991 	1.010494
6518.80127 	1.010279
6518.82263 	1.010474
6518.84399 	1.010834
6518.86536 	1.011197
6518.88672 	1.011308
6518.90808 	1.010939
6518.92944 	1.009805
6518.95081 	1.007774
6518.97217 	1.005033
6518.99353 	1.001863
6519.01489 	0.9987733
6519.03625 	0.9960471
6519.05762 	0.9935666
6519.07898 	0.9913273
6519.10034 	0.9892863
6519.12170 	0.9877141
6519.14307 	0.9863936
6519.16443 	0.9846827
6519.18579 	0.9818457
6519.20715 	0.9771675
6519.22852 	0.9710976
6519.24988 	0.9638798
6519.27124 	0.9569249
6519.29260 	0.9504532
6519.31396 	0.9441019
6519.33533 	0.9379572
6519.35669 	0.9316479
6519.37805 	0.9257758
6519.39941 	0.920548
6519.42078 	0.9164358
6519.44214 	0.9138405
6519.46350 	0.9126825
6519.48486 	0.9131656
6519.50623 	0.915486
6519.52759 	0.9193124
6519.54895 	0.9242714
6519.57031 	0.9302924
6519.59167 	0.9370834
6519.61304 	0.9447085
6519.63440 	0.9528386
6519.65576 	0.9604294
6519.67712 	0.9672988
6519.69849 	0.9728353
6519.71985 	0.9775687
6519.74121 	0.9817604
6519.76257 	0.9855919
6519.78394 	0.9888873
6519.80530 	0.9913194
6519.82666 	0.9926758
6519.84802 	0.9931551
6519.86938 	0.9933038
6519.89075 	0.9934438
6519.91211 	0.9937107
6519.93347 	0.9940885
6519.95483 	0.9946036
6519.97620 	0.9953253
6519.99756 	0.9961497
6520.01892 	0.9968218
6520.04028 	0.9969246
6520.06165 	0.9963436
6520.08301 	0.9955686
6520.10437 	0.9951062
6520.12573 	0.9953077
6520.14709 	0.9961128
6520.16846 	0.9972041
6520.18982 	0.9983984
6520.21118 	0.9995745
6520.23254 	1.000719
6520.25391 	1.001606
6520.27527 	1.001851
6520.29663 	1.00144
6520.31799 	1.000639
6520.33936 	0.9998065
6520.36072 	0.9992814
6520.38208 	0.9987535
6520.40344 	0.9980084
6520.42480 	0.9969254
6520.44617 	0.9956883
6520.46753 	0.9945965
6520.48889 	0.9936066
6520.51025 	0.9926102
6520.53162 	0.9915891
6520.55298 	0.990795
6520.57434 	0.9906809
6520.59570 	0.9914353
6520.61707 	0.9929746
6520.63843 	0.995055
6520.65979 	0.9973374
6520.68115 	0.9995578
6520.70251 	1.001347
6520.72388 	1.002247
6520.74524 	1.002109
6520.76660 	1.001345
6520.78796 	1.000452
6520.80933 	0.9999177
6520.83069 	0.9995805
6520.85205 	0.9991322
6520.87341 	0.9983745
6520.89478 	0.9973935
6520.91614 	0.9966519
6520.93750 	0.9964656
6520.95886 	0.996742
6520.98022 	0.9971234
6521.00159 	0.9971206
6521.02295 	0.9964615
6521.04431 	0.9951274
6521.06567 	0.9931946
6521.08704 	0.9910844
6521.10840 	0.9893067
6521.12976 	0.9881607
6521.15112 	0.9880165
6521.17249 	0.9890795
6521.19385 	0.9911232
6521.21521 	0.9937444
6521.23657 	0.9962845
6521.25793 	0.9980088
6521.27930 	0.9986109
6521.30066 	0.9981407
6521.32202 	0.9969287
6521.34338 	0.9950318
6521.36475 	0.9930374
6521.38611 	0.9913025
6521.40747 	0.990288
6521.42883 	0.9903675
6521.45020 	0.9912937
6521.47156 	0.9924945
6521.49292 	0.9933226
6521.51428 	0.9935384
6521.53564 	0.9934043
6521.55701 	0.993237
6521.57837 	0.9932803
6521.59973 	0.9934543
6521.62109 	0.9935143
6521.64246 	0.9933733
6521.66382 	0.9929619
6521.68518 	0.9922935
6521.70654 	0.991191
6521.72791 	0.9895967
6521.74927 	0.9877545
6521.77063 	0.9858175
6521.79199 	0.9842818
6521.81335 	0.9833739
6521.83472 	0.9830769
6521.85608 	0.9831274
6521.87744 	0.9831888
6521.89880 	0.9828441
6521.92017 	0.9819676
6521.94153 	0.9806508
6521.96289 	0.9790835
6521.98425 	0.9775357
6522.00562 	0.9759896
6522.02698 	0.9743279
6522.04834 	0.9725912
6522.06970 	0.9708517
6522.09106 	0.9695315
6522.11243 	0.9690902
6522.13379 	0.9695389
6522.15515 	0.9707278
6522.17651 	0.9718805
6522.19788 	0.9727243
6522.21924 	0.9732499
6522.24060 	0.9736626
6522.26196 	0.9743448
6522.28333 	0.9752724
6522.30469 	0.9763568
6522.32605 	0.9774414
6522.34741 	0.9786921
6522.36877 	0.9803213
6522.39014 	0.9820153
6522.41150 	0.9834741
6522.43286 	0.9844056
6522.45422 	0.9848793
6522.47559 	0.9851847
6522.49695 	0.985786
6522.51831 	0.9869935
6522.53967 	0.9885764
6522.56104 	0.9900467
6522.58240 	0.9907612
6522.60376 	0.9904704
6522.62512 	0.9893606
6522.64648 	0.9880866
6522.66785 	0.9873281
6522.68921 	0.9869772
6522.71057 	0.9868147
6522.73193 	0.9865323
6522.75330 	0.9863794
6522.77466 	0.986762
6522.79602 	0.9877537
6522.81738 	0.9889839
6522.83875 	0.9898334
6522.86011 	0.9899112
6522.88147 	0.989492
6522.90283 	0.9890049
6522.92419 	0.988704
6522.94556 	0.9883595
6522.96692 	0.9877014
6522.98828 	0.98688
6523.00964 	0.9861701
6523.03101 	0.9857978
6523.05237 	0.9857473
6523.07373 	0.9855302
6523.09509 	0.9846849
6523.11646 	0.9832285
6523.13782 	0.9814101
6523.15918 	0.9794664
6523.18054 	0.9774045
6523.20190 	0.9754372
6523.22327 	0.9733416
6523.24463 	0.9713085
6523.26599 	0.9692848
6523.28735 	0.9675304
6523.30872 	0.9661031
6523.33008 	0.9651539
6523.35144 	0.9646783
6523.37280 	0.9644586
6523.39417 	0.9643012
6523.41553 	0.9642533
6523.43689 	0.964373
6523.45825 	0.9645569
6523.47961 	0.9647204
6523.50098 	0.9645171
6523.52234 	0.9636006
6523.54370 	0.9620732
6523.56506 	0.9598541
6523.58643 	0.9564228
6523.60779 	0.9515301
6523.62915 	0.9450109
6523.65051 	0.9368554
6523.67188 	0.9279798
6523.69324 	0.9187959
6523.71460 	0.9109313
6523.73596 	0.9046001
6523.75732 	0.9001292
6523.77869 	0.8966358
6523.80005 	0.8938303
6523.82141 	0.8918526
6523.84277 	0.8914183
6523.86414 	0.8931166
6523.88550 	0.8967236
6523.90686 	0.9012139
6523.92822 	0.9056422
6523.94958 	0.9101927
6523.97095 	0.9152853
6523.99231 	0.9216399
6524.01367 	0.9292099
6524.03503 	0.9373937
6524.05640 	0.9454911
6524.07776 	0.9529359
6524.09912 	0.9595874
6524.12048 	0.9651161
6524.14185 	0.9697565
6524.16321 	0.9735984
6524.18457 	0.9768475
6524.20593 	0.9791013
6524.22729 	0.9802986
6524.24866 	0.9801902
6524.27002 	0.9793781
6524.29138 	0.9787499
6524.31274 	0.9789308
6524.33411 	0.9799391
6524.35547 	0.9811604
6524.37683 	0.9825588
6524.39819 	0.9839493
6524.41956 	0.9855678
6524.44092 	0.9875537
6524.46228 	0.9896227
6524.48364 	0.9914132
6524.50500 	0.9927722
6524.52637 	0.9938982
6524.54773 	0.9948771
6524.56909 	0.9954742
6524.59045 	0.9954066
6524.61182 	0.9943042
6524.63318 	0.9921715
6524.65454 	0.9896727
6524.67590 	0.9874228
6524.69727 	0.9859563
6524.71863 	0.9855197
6524.73999 	0.9861424
6524.76135 	0.9875499
6524.78271 	0.9890137
6524.80408 	0.9902964
6524.82544 	0.9909135
6524.84680 	0.9910043
6524.86816 	0.9912013
6524.88953 	0.9918823
6524.91089 	0.9931369
6524.93225 	0.9943914
6524.95361 	0.9950725
6524.97498 	0.9948447
6524.99634 	0.9937395
6525.01770 	0.9922179
6525.03906 	0.9907628
6525.06042 	0.9896017
6525.08179 	0.9887483
6525.10315 	0.9881629
6525.12451 	0.9878964
6525.14587 	0.9881744
6525.16724 	0.9894357
6525.18860 	0.9918829
6525.20996 	0.9950781
6525.23132 	0.9982139
6525.25269 	1.000278
6525.27405 	1.001076
6525.29541 	1.000623
6525.31677 	0.9995555
6525.33813 	0.9981861
6525.35950 	0.9968244
6525.38086 	0.9958055
6525.40222 	0.995275
6525.42358 	0.9954802
6525.44495 	0.9960225
6525.46631 	0.9964685
6525.48767 	0.9964463
6525.50903 	0.9958146
6525.53040 	0.9948302
6525.55176 	0.9938662
6525.57312 	0.9930193
6525.59448 	0.9922131
6525.61584 	0.9913109
6525.63721 	0.9901592
6525.65857 	0.9888737
6525.67993 	0.9878226
6525.70129 	0.9872864
6525.72266 	0.9871169
6525.74402 	0.9869939
6525.76538 	0.9866521
6525.78674 	0.9861565
6525.80811 	0.9858116
6525.82947 	0.9860524
6525.85083 	0.9866963
6525.87219 	0.9873655
6525.89355 	0.987756
6525.91492 	0.9878968
6525.93628 	0.9881877
6525.95764 	0.9890068
6525.97900 	0.9900739
6526.00037 	0.991094
6526.02173 	0.99165
6526.04309 	0.9918797
6526.06445 	0.9922962
6526.08582 	0.9931924
6526.10718 	0.9945633
6526.12854 	0.9960142
6526.14990 	0.9972226
6526.17126 	0.9982781
6526.19263 	0.9992685
6526.21399 	1.000147
6526.23535 	1.000592
6526.25671 	1.000039
6526.27808 	0.9986048
6526.29944 	0.9967042
6526.32080 	0.9949677
6526.34216 	0.9942263
6526.36353 	0.9945312
6526.38489 	0.9956118
6526.40625 	0.9969474
6526.42761 	0.9978752
6526.44897 	0.9981122
6526.47034 	0.9976606
6526.49170 	0.9968749
6526.51306 	0.9958144
6526.53442 	0.9945675
6526.55579 	0.9932858
6526.57715 	0.9921434
6526.59851 	0.9916151
6526.61987 	0.9919685
6526.64124 	0.9929969
6526.66260 	0.994148
6526.68396 	0.9948856
6526.70532 	0.9950647
6526.72668 	0.9947842
6526.74805 	0.9943606
6526.76941 	0.9939293
6526.79077 	0.9932931
6526.81213 	0.9923382
6526.83350 	0.9915517
6526.85486 	0.9918134
6526.87622 	0.9935745
6526.89758 	0.996519
6526.91895 	0.9993985
6526.94031 	1.001228
6526.96167 	1.001661
6526.98303 	1.001424
6527.00439 	1.001462
6527.02576 	1.002028
6527.04712 	1.002682
6527.06848 	1.002721
6527.08984 	1.001865
6527.11121 	1.000666
6527.13257 	0.9998559
6527.15393 	0.9998249
6527.17529 	1.000333
6527.19666 	1.000772
6527.21802 	1.000582
6527.23938 	0.9995205
6527.26074 	0.9978638
6527.28210 	0.9959875
6527.30347 	0.9943848
6527.32483 	0.9931278
6527.34619 	0.9923636
6527.36755 	0.9921749
6527.38892 	0.992265
6527.41028 	0.9928339
6527.43164 	0.9937346
6527.45300 	0.9949666
6527.47437 	0.9963369
6527.49573 	0.9972892
6527.51709 	0.9975324
6527.53845 	0.9969699
6527.55981 	0.9960026
6527.58118 	0.9951017
6527.60254 	0.9945978
6527.62390 	0.9946347
6527.64526 	0.9950655
6527.66663 	0.9955878
6527.68799 	0.9960825
6527.70935 	0.9964505
6527.73071 	0.9965305
6527.75208 	0.9964078
6527.77344 	0.996229
6527.79480 	0.9962013
6527.81616 	0.9966471
6527.83752 	0.9975796
6527.85889 	0.9988858
6527.88025 	1.000055
6527.90161 	1.000836
6527.92297 	1.001376
6527.94434 	1.001761
6527.96570 	1.002498
6527.98706 	1.003622
6528.00842 	1.004641
6528.02979 	1.005007
6528.05115 	1.004497
6528.07251 	1.003281
6528.09387 	1.001911
6528.11523 	1.000901
6528.13660 	1.000505
6528.15796 	1.00051
6528.17932 	1.000472
6528.20068 	1.000313
6528.22205 	1.000149
6528.24341 	1.000046
6528.26477 	1.00011
6528.28613 	1.000382
6528.30750 	1.000828
6528.32886 	1.001319
6528.35022 	1.001777
6528.37158 	1.002299
6528.39294 	1.002735
6528.41431 	1.003249
6528.43567 	1.004098
6528.45703 	1.005163
6528.47839 	1.006597
6528.49976 	1.008021
6528.52112 	1.008835
6528.54248 	1.008619
6528.56384 	1.007359
6528.58521 	1.005465
6528.60657 	1.003522
6528.62793 	1.00185
6528.64929 	1.000258
6528.67065 	0.9980993
6528.69202 	0.9958981
6528.71338 	0.9945757
6528.73474 	0.995156
6528.75610 	0.9978086
6528.77747 	1.001515
6528.79883 	1.004756
6528.82019 	1.006198
6528.84155 	1.005971
6528.86292 	1.004924
6528.88428 	1.003621
6528.90564 	1.002569
6528.92700 	1.00186
6528.94836 	1.001239
6528.96973 	1.000911
6528.99109 	1.000786
6529.01245 	1.000788
6529.03381 	1.000811
6529.05518 	1.000901
6529.07654 	1.001234
6529.09790 	1.001996
6529.11926 	1.003073
6529.14063 	1.004352
6529.16199 	1.005451
6529.18335 	1.006206
6529.20471 	1.006487
6529.22607 	1.006242
6529.24744 	1.00562
6529.26880 	1.004823
6529.29016 	1.004022
6529.31152 	1.003251
6529.33289 	1.002306
6529.35425 	1.001227
6529.37561 	1.000346
6529.39697 	1.000061
6529.41833 	1.000742
6529.43970 	1.002086
6529.46106 	1.003531
6529.48242 	1.004524
6529.50378 	1.005103
6529.52515 	1.005547
6529.54651 	1.006144
6529.56787 	1.006885
6529.58923 	1.007585
6529.61060 	1.007764
6529.63196 	1.007535
6529.65332 	1.007009
6529.67468 	1.006454
6529.69604 	1.005944
6529.71741 	1.005444
6529.73877 	1.005098
6529.76013 	1.004917
6529.78149 	1.005034
6529.80286 	1.005524
6529.82422 	1.006062
6529.84558 	1.006395
6529.86694 	1.006323
6529.88831 	1.005779
6529.90967 	1.005002
6529.93103 	1.00419
6529.95239 	1.003411
6529.97375 	1.002509
6529.99512 	1.001535
6530.01648 	1.000695
6530.03784 	1.00012
6530.05920 	0.999851
6530.08057 	0.9997359
6530.10193 	0.9997875
6530.12329 	1.000094
6530.14465 	1.000882
6530.16602 	1.002192
6530.18738 	1.003289
6530.20874 	1.003567
6530.23010 	1.002894
6530.25146 	1.001665
6530.27283 	1.000831
6530.29419 	1.000882
6530.31555 	1.001408
6530.33691 	1.001727
6530.35828 	1.001216
6530.37964 	0.9999185
6530.40100 	0.9985375
6530.42236 	0.9974253
6530.44373 	0.9963771
6530.46509 	0.9947954
6530.48645 	0.9920253
6530.50781 	0.9883093
6530.52917 	0.9843801
6530.55054 	0.9809034
6530.57190 	0.9786146
6530.59326 	0.9773216
6530.61462 	0.9767917
6530.63599 	0.9768321
6530.65735 	0.9775844
6530.67871 	0.9793645
6530.70007 	0.9819233
6530.72144 	0.9849665
6530.74280 	0.9877685
6530.76416 	0.990267
6530.78552 	0.9924423
6530.80688 	0.9947146
6530.82825 	0.9973769
6530.84961 	0.999988
6530.87097 	1.00225
6530.89233 	1.003968
6530.91370 	1.005203
6530.93506 	1.006231
6530.95642 	1.007005
6530.97778 	1.007341
6530.99915 	1.00697
6531.02051 	1.005869
6531.04187 	1.004699
6531.06323 	1.004069
6531.08459 	1.004172
6531.10596 	1.004756
6531.12732 	1.00513
6531.14868 	1.004905
6531.17004 	1.004192
6531.19141 	1.003653
6531.21277 	1.00404
6531.23413 	1.005394
6531.25549 	1.007586
6531.27686 	1.00985
6531.29822 	1.011191
6531.31958 	1.011326
6531.34094 	1.010192
6531.36230 	1.008443
6531.38367 	1.007083
6531.40503 	1.006771
6531.42639 	1.007523
6531.44775 	1.008587
6531.46912 	1.009266
6531.49048 	1.009329
6531.51184 	1.00939
6531.53320 	1.010236
6531.55457 	1.011826
6531.57593 	1.013512
6531.59729 	1.014203
6531.61865 	1.013242
6531.64001 	1.011203
6531.66138 	1.009123
6531.68274 	1.007779
6531.70410 	1.007181
6531.72546 	1.00693
6531.74683 	1.006458
6531.76819 	1.005776
6531.78955 	1.005361
6531.81091 	1.005566
6531.83228 	1.006555
6531.85364 	1.007728
6531.87500 	1.008823
6531.89636 	1.009289
6531.91772 	1.008995
6531.93909 	1.008171
6531.96045 	1.006954
6531.98181 	1.00544
6532.00317 	1.003573
6532.02454 	1.001124
6532.04590 	0.9978181
6532.06726 	0.9937832
6532.08862 	0.9892552
6532.10999 	0.9839463
6532.13135 	0.9776283
6532.15271 	0.9700391
6532.17407 	0.960927
6532.19543 	0.9513922
6532.21680 	0.9420732
6532.23816 	0.9325038
6532.25952 	0.9233159
6532.28088 	0.9144089
6532.30225 	0.9068897
6532.32361 	0.9017437
6532.34497 	0.8990261
6532.36633 	0.8984224
6532.38770 	0.8996651
6532.40906 	0.9028966
6532.43042 	0.9081165
6532.45178 	0.9151446
6532.47314 	0.9234045
6532.49451 	0.9319627
6532.51587 	0.9406111
6532.53723 	0.94873
6532.55859 	0.9560075
6532.57996 	0.9624412
6532.60132 	0.9679685
6532.62268 	0.9733248
6532.64404 	0.979065
6532.66541 	0.9846191
6532.68677 	0.9896249
6532.70813 	0.9938344
6532.72949 	0.99707
6532.75085 	0.9999868
6532.77222 	1.002462
6532.79358 	1.004226
6532.81494 	1.005124
6532.83630 	1.004916
6532.85767 	1.004076
6532.87903 	1.003328
6532.90039 	1.003395
6532.92175 	1.004655
6532.94312 	1.006756
6532.96448 	1.008981
6532.98584 	1.010661
6533.00720 	1.011258
6533.02856 	1.011144
6533.04993 	1.010799
6533.07129 	1.010789
6533.09265 	1.011183
6533.11401 	1.011795
6533.13538 	1.012304
6533.15674 	1.012488
6533.17810 	1.01228
6533.19946 	1.011633
6533.22083 	1.010568
6533.24219 	1.00936
6533.26355 	1.008482
6533.28491 	1.008123
6533.30627 	1.008267
6533.32764 	1.008646
6533.34900 	1.008822
6533.37036 	1.00893
6533.39172 	1.009208
6533.41309 	1.009805
6533.43445 	1.010552
6533.45581 	1.011177
6533.47717 	1.011467
6533.49854 	1.011468
6533.51990 	1.0114
6533.54126 	1.011477
6533.56262 	1.011691
6533.58398 	1.01186
6533.60535 	1.012049
6533.62671 	1.01206
6533.64807 	1.011804
6533.66943 	1.011096
6533.69080 	1.009864
6533.71216 	1.008144
6533.73352 	1.005888
6533.75488 	1.003229
6533.77625 	0.9999693
6533.79761 	0.9958151
6533.81897 	0.9910409
6533.84033 	0.9859003
6533.86169 	0.9807245
6533.88306 	0.9760049
6533.90442 	0.9717074
6533.92578 	0.9675251
6533.94714 	0.9635009
6533.96851 	0.9601861
6533.98987 	0.9578223
6534.01123 	0.9567726
6534.03259 	0.9569896
6534.05396 	0.9580024
6534.07532 	0.9595824
6534.09668 	0.9613764
6534.11804 	0.9633347
6534.13940 	0.9652455
6534.16077 	0.9673637
6534.18213 	0.9700091
6534.20349 	0.9731869
6534.22485 	0.9770342
6534.24622 	0.9812886
6534.26758 	0.9853946
6534.28894 	0.9892967
6534.31030 	0.9928097
6534.33167 	0.9955382
6534.35303 	0.9973412
6534.37439 	0.9982172
6534.39575 	0.9985656
6534.41711 	0.9989146
6534.43848 	0.9993461
6534.45984 	0.9997161
6534.48120 	0.9997409
6534.50256 	0.999345
6534.52393 	0.9988818
6534.54529 	0.9986334
6534.56665 	0.9985733
6534.58801 	0.9984316
6534.60938 	0.9980931
6534.63074 	0.9978209
6534.65210 	0.9978529
6534.67346 	0.9982064
6534.69482 	0.9987818
6534.71619 	0.9992317
6534.73755 	0.9997336
6534.75891 	1.000746
6534.78027 	1.002352
6534.80164 	1.004081
6534.82300 	1.005222
6534.84436 	1.005234
6534.86572 	1.004243
6534.88708 	1.002809
6534.90845 	1.001662
6534.92981 	1.001398
6534.95117 	1.002068
6534.97253 	1.003236
6534.99390 	1.00428
6535.01526 	1.004849
6535.03662 	1.005095
6535.05798 	1.005468
6535.07935 	1.006496
6535.10071 	1.008449
6535.12207 	1.010708
6535.14343 	1.012638
6535.16479 	1.013801
6535.18616 	1.013954
6535.20752 	1.013259
6535.22888 	1.012209
6535.25024 	1.011423
6535.27161 	1.011322
6535.29297 	1.011832
6535.31433 	1.012748
6535.33569 	1.013461
6535.35706 	1.013854
6535.37842 	1.014187
6535.39978 	1.014873
6535.42114 	1.01613
6535.44250 	1.017878
6535.46387 	1.019957
6535.48523 	1.022035
6535.50659 	1.023855
6535.52795 	1.025189
6535.54932 	1.025641
6535.57068 	1.025054
6535.59204 	1.023663
6535.61340 	1.021989
6535.63477 	1.020578
6535.65613 	1.019674
6535.67749 	1.019272
6535.69885 	1.019169
6535.72021 	1.019282
6535.74158 	1.019516
6535.76294 	1.019813
6535.78430 	1.019687
6535.80566 	1.018624
6535.82703 	1.016521
6535.84839 	1.013581
6535.86975 	1.01056
6535.89111 	1.008348
6535.91248 	1.007233
6535.93384 	1.007106
6535.95520 	1.00748
6535.97656 	1.007788
6535.99792 	1.007597
6536.01929 	1.006716
6536.04065 	1.0053
6536.06201 	1.003554
6536.08337 	1.001819
6536.10474 	1.000533
6536.12610 	0.9998815
6536.14746 	0.9999385
6536.16882 	1.000607
6536.19019 	1.001427
6536.21155 	1.001975
6536.23291 	1.002044
6536.25427 	1.001691
6536.27563 	1.001323
6536.29700 	1.001293
6536.31836 	1.001756
6536.33972 	1.002627
6536.36108 	1.00344
6536.38245 	1.004059
6536.40381 	1.00429
6536.42517 	1.003921
6536.44653 	1.0028
6536.46790 	1.000818
6536.48926 	0.9977249
6536.51062 	0.9936154
6536.53198 	0.9890448
6536.55334 	0.984249
6536.57471 	0.9795591
6536.59607 	0.9755251
6536.61743 	0.9721931
6536.63879 	0.9697435
6536.66016 	0.9682213
6536.68152 	0.9674851
6536.70288 	0.9673432
6536.72424 	0.967665
6536.74561 	0.9686977
6536.76697 	0.9707564
6536.78833 	0.9737911
6536.80969 	0.977146
6536.83105 	0.9803244
6536.85242 	0.9830918
6536.87378 	0.9856321
6536.89514 	0.988551
6536.91650 	0.992111
6536.93787 	0.9964049
6536.95923 	1.000657
6536.98059 	1.004148
6537.00195 	1.006681
6537.02332 	1.008181
6537.04468 	1.009039
6537.06604 	1.009627
6537.08740 	1.010245
6537.10876 	1.010884
6537.13013 	1.01142
6537.15149 	1.011833
6537.17285 	1.012314
6537.19421 	1.013219
6537.21558 	1.014974
6537.23694 	1.017723
6537.25830 	1.020822
6537.27966 	1.023329
6537.30103 	1.024427
6537.32239 	1.023855
6537.34375 	1.022201
6537.36511 	1.020347
6537.38647 	1.019042
6537.40784 	1.018449
6537.42920 	1.018296
6537.45056 	1.018245
6537.47192 	1.018198
6537.49329 	1.018514
6537.51465 	1.01956
6537.53601 	1.021412
6537.55737 	1.023904
6537.57874 	1.026328
6537.60010 	1.028172
6537.62146 	1.029117
6537.64282 	1.029275
6537.66418 	1.028981
6537.68555 	1.02858
6537.70691 	1.028442
6537.72827 	1.028386
6537.74963 	1.028206
6537.77100 	1.027745
6537.79236 	1.027168
6537.81372 	1.026969
6537.83508 	1.027527
6537.85645 	1.028763
6537.87781 	1.030271
6537.89917 	1.031457
6537.92053 	1.031777
6537.94189 	1.031116
6537.96326 	1.029734
6537.98462 	1.028031
6538.00598 	1.026345
6538.02734 	1.024893
6538.04871 	1.023953
6538.07007 	1.023652
6538.09143 	1.02411
6538.11279 	1.025457
6538.13416 	1.027326
6538.15552 	1.029144
6538.17688 	1.030676
6538.19824 	1.031661
6538.21960 	1.032253
6538.24097 	1.032444
6538.26233 	1.032346
6538.28369 	1.031972
6538.30505 	1.031413
6538.32642 	1.03092
6538.34778 	1.0306
6538.36914 	1.030197
6538.39050 	1.029467
6538.41187 	1.028555
6538.43323 	1.027858
6538.45459 	1.027555
6538.47595 	1.027597
6538.49731 	1.027658
6538.51868 	1.027331
6538.54004 	1.026662
6538.56140 	1.026055
6538.58276 	1.025937
6538.60413 	1.026547
6538.62549 	1.027834
6538.64685 	1.029621
6538.66821 	1.03154
6538.68958 	1.033058
6538.71094 	1.033777
6538.73230 	1.033577
6538.75366 	1.032629
6538.77502 	1.03141
6538.79639 	1.030294
6538.81775 	1.029514
6538.83911 	1.029027
6538.86047 	1.028797
6538.88184 	1.028898
6538.90320 	1.029309
6538.92456 	1.029854
6538.94592 	1.030458
6538.96729 	1.031115
6538.98865 	1.031682
6539.01001 	1.031891
6539.03137 	1.03165
6539.05273 	1.031227
6539.07410 	1.031216
6539.09546 	1.032004
6539.11682 	1.03354
6539.13818 	1.035278
6539.15955 	1.036637
6539.18091 	1.037655
6539.20227 	1.038793
6539.22363 	1.040336
6539.24500 	1.041918
6539.26636 	1.04289
6539.28772 	1.042737
6539.30908 	1.04159
6539.33044 	1.040147
6539.35181 	1.039072
6539.37317 	1.03836
6539.39453 	1.03754
6539.41589 	1.036247
6539.43726 	1.034496
6539.45862 	1.032707
6539.47998 	1.031543
6539.50134 	1.031152
6539.52271 	1.031356
6539.54407 	1.0317
6539.56543 	1.032118
6539.58679 	1.032907
6539.60815 	1.034239
6539.62952 	1.03598
6539.65088 	1.037655
6539.67224 	1.038714
6539.69360 	1.039155
6539.71497 	1.039219
6539.73633 	1.03926
6539.75769 	1.039384
6539.77905 	1.039324
6539.80042 	1.039039
6539.82178 	1.038729
6539.84314 	1.038743
6539.86450 	1.03931
6539.88586 	1.040214
6539.90723 	1.04104
6539.92859 	1.041742
6539.94995 	1.042418
6539.97131 	1.043273
6539.99268 	1.043978
6540.01404 	1.044259
6540.03540 	1.043936
6540.05676 	1.043125
6540.07813 	1.042127
6540.09949 	1.041159
6540.12085 	1.040133
6540.14221 	1.039126
6540.16357 	1.038347
6540.18494 	1.037697
6540.20630 	1.036986
6540.22766 	1.036002
6540.24902 	1.034956
6540.27039 	1.034223
6540.29175 	1.034145
6540.31311 	1.034587
6540.33447 	1.034935
6540.35583 	1.034833
6540.37720 	1.03442
6540.39856 	1.034097
6540.41992 	1.034191
6540.44128 	1.034538
6540.46265 	1.034846
6540.48401 	1.035064
6540.50537 	1.035329
6540.52673 	1.036055
6540.54810 	1.037196
6540.56946 	1.038655
6540.59082 	1.040116
6540.61218 	1.041395
6540.63354 	1.042254
6540.65491 	1.042325
6540.67627 	1.041468
6540.69763 	1.04019
6540.71899 	1.039009
6540.74036 	1.038679
6540.76172 	1.03943
6540.78308 	1.04089
6540.80444 	1.042635
6540.82581 	1.044028
6540.84717 	1.044916
6540.86853 	1.045341
6540.88989 	1.045352
6540.91125 	1.045148
6540.93262 	1.045008
6540.95398 	1.045153
6540.97534 	1.045676
6540.99670 	1.046483
6541.01807 	1.047531
6541.03943 	1.048877
6541.06079 	1.050584
6541.08215 	1.052623
6541.10352 	1.054631
6541.12488 	1.056189
6541.14624 	1.05715
6541.16760 	1.057603
6541.18896 	1.057725
6541.21033 	1.057456
6541.23169 	1.056445
6541.25305 	1.054562
6541.27441 	1.052235
6541.29578 	1.050271
6541.31714 	1.049283
6541.33850 	1.049147
6541.35986 	1.049578
6541.38123 	1.05002
6541.40259 	1.050387
6541.42395 	1.050891
6541.44531 	1.05155
6541.46667 	1.052259
6541.48804 	1.052701
6541.50940 	1.052527
6541.53076 	1.051797
6541.55212 	1.050996
6541.57349 	1.05057
6541.59485 	1.050636
6541.61621 	1.050965
6541.63757 	1.051179
6541.65894 	1.050996
6541.68030 	1.050449
6541.70166 	1.049741
6541.72302 	1.048956
6541.74438 	1.048124
6541.76575 	1.047306
6541.78711 	1.046726
6541.80847 	1.04668
6541.82983 	1.047213
6541.85120 	1.048225
6541.87256 	1.049432
6541.89392 	1.050436
6541.91528 	1.051019
6541.93665 	1.051095
6541.95801 	1.050674
6541.97937 	1.050086
6542.00073 	1.049269
6542.02209 	1.047932
6542.04346 	1.045646
6542.06482 	1.041873
6542.08618 	1.037041
6542.10754 	1.031376
6542.12891 	1.025352
6542.15027 	1.019024
6542.17163 	1.012032
6542.19299 	1.004943
6542.21436 	0.998271
6542.23572 	0.9929095
6542.25708 	0.9896799
6542.27844 	0.9885926
6542.29980 	0.9892026
6542.32117 	0.9909189
6542.34253 	0.9934178
6542.36389 	0.9964662
6542.38525 	0.9999339
6542.40662 	1.004225
6542.42798 	1.009533
6542.44934 	1.015416
6542.47070 	1.021511
6542.49207 	1.026997
6542.51343 	1.031759
6542.53479 	1.03589
6542.55615 	1.0397
6542.57751 	1.043214
6542.59888 	1.04593
6542.62024 	1.047944
6542.64160 	1.049493
6542.66296 	1.050944
6542.68433 	1.052389
6542.70569 	1.053725
6542.72705 	1.054723
6542.74841 	1.054972
6542.76978 	1.054542
6542.79114 	1.053722
6542.81250 	1.052983
6542.83386 	1.053073
6542.85522 	1.054217
6542.87659 	1.056069
6542.89795 	1.057861
6542.91931 	1.058771
6542.94067 	1.058612
6542.96204 	1.057673
6542.98340 	1.056452
6543.00476 	1.055411
6543.02612 	1.054783
6543.04749 	1.054674
6543.06885 	1.055092
6543.09021 	1.056076
6543.11157 	1.057381
6543.13293 	1.058626
6543.15430 	1.059528
6543.17566 	1.059912
6543.19702 	1.059855
6543.21838 	1.059547
6543.23975 	1.059249
6543.26111 	1.059109
6543.28247 	1.059283
6543.30383 	1.059652
6543.32520 	1.060225
6543.34656 	1.060706
6543.36792 	1.060885
6543.38928 	1.060596
6543.41064 	1.059665
6543.43201 	1.058013
6543.45337 	1.055918
6543.47473 	1.054008
6543.49609 	1.052762
6543.51746 	1.052465
6543.53882 	1.052648
6543.56018 	1.052436
6543.58154 	1.051041
6543.60291 	1.047792
6543.62427 	1.042568
6543.64563 	1.035608
6543.66699 	1.02727
6543.68835 	1.017822
6543.70972 	1.007286
6543.73108 	0.9950971
6543.75244 	0.9804526
6543.77380 	0.9642844
6543.79517 	0.9479058
6543.81653 	0.9324521
6543.83789 	0.9185516
6543.85925 	0.9069386
6543.88062 	0.8978423
6543.90198 	0.8930114
6543.92334 	0.8937879
6543.94470 	0.8998209
6543.96606 	0.9094019
6543.98743 	0.9208251
6544.00879 	0.9331725
6544.03015 	0.9473686
6544.05151 	0.9629597
6544.07288 	0.9788539
6544.09424 	0.9934235
6544.11560 	1.005566
6544.13696 	1.015113
6544.15833 	1.023118
6544.17969 	1.03039
6544.20105 	1.037023
6544.22241 	1.042995
6544.24377 	1.048258
6544.26514 	1.052686
6544.28650 	1.056108
6544.30786 	1.058567
6544.32922 	1.060257
6544.35059 	1.061499
6544.37195 	1.062737
6544.39331 	1.064199
6544.41467 	1.065949
6544.43604 	1.067698
6544.45740 	1.069169
6544.47876 	1.070625
6544.50012 	1.072078
6544.52148 	1.07342
6544.54285 	1.074373
6544.56421 	1.074733
6544.58557 	1.074677
6544.60693 	1.074641
6544.62830 	1.074842
6544.64966 	1.075328
6544.67102 	1.07572
6544.69238 	1.075889
6544.71375 	1.076028
6544.73511 	1.076408
6544.75647 	1.07705
6544.77783 	1.077729
6544.79919 	1.07788
6544.82056 	1.077235
6544.84192 	1.075726
6544.86328 	1.073816
6544.88464 	1.072115
6544.90601 	1.071075
6544.92737 	1.070906
6544.94873 	1.071426
6544.97009 	1.07221
6544.99146 	1.072894
6545.01282 	1.073371
6545.03418 	1.073689
6545.05554 	1.074003
6545.07690 	1.074548
6545.09827 	1.075374
6545.11963 	1.076427
6545.14099 	1.077801
6545.16235 	1.079437
6545.18372 	1.080954
6545.20508 	1.081793
6545.22644 	1.081787
6545.24780 	1.081124
6545.26917 	1.080516
6545.29053 	1.080681
6545.31189 	1.0814
6545.33325 	1.082025
6545.35461 	1.081908
6545.37598 	1.081093
6545.39734 	1.080282
6545.41870 	1.08013
6545.44006 	1.080863
6545.46143 	1.081826
6545.48279 	1.082243
6545.50415 	1.081779
6545.52551 	1.080481
6545.54688 	1.078741
6545.56824 	1.076558
6545.58960 	1.073616
6545.61096 	1.069898
6545.63232 	1.065714
6545.65369 	1.061971
6545.67505 	1.059533
6545.69641 	1.05851
6545.71777 	1.058452
6545.73914 	1.058569
6545.76050 	1.058692
6545.78186 	1.059208
6545.80322 	1.060314
6545.82458 	1.062104
6545.84595 	1.064302
6545.86731 	1.066569
6545.88867 	1.069011
6545.91003 	1.071496
6545.93140 	1.074142
6545.95276 	1.077034
6545.97412 	1.079981
6545.99548 	1.083027
6546.01685 	1.086213
6546.03821 	1.089106
6546.05957 	1.091402
6546.08093 	1.093054
6546.10229 	1.094202
6546.12366 	1.095083
6546.14502 	1.095555
6546.16638 	1.095561
6546.18774 	1.095227
6546.20911 	1.094715
6546.23047 	1.094581
6546.25183 	1.094894
6546.27319 	1.095234
6546.29456 	1.095163
6546.31592 	1.094369
6546.33728 	1.093234
6546.35864 	1.092404
6546.38000 	1.092229
6546.40137 	1.092723
6546.42273 	1.093633
6546.44409 	1.094721
6546.46545 	1.095823
6546.48682 	1.097093
6546.50818 	1.098521
6546.52954 	1.099889
6546.55090 	1.10125
6546.57227 	1.10254
6546.59363 	1.103698
6546.61499 	1.104605
6546.63635 	1.104996
6546.65771 	1.10462
6546.67908 	1.103477
6546.70044 	1.101964
6546.72180 	1.100899
6546.74316 	1.100411
6546.76453 	1.1007
6546.78589 	1.101619
6546.80725 	1.102995
6546.82861 	1.104621
6546.84998 	1.106596
6546.87134 	1.10872
6546.89270 	1.110635
6546.91406 	1.11204
6546.93542 	1.112741
6546.95679 	1.112508
6546.97815 	1.11145
6546.99951 	1.11016
6547.02087 	1.109158
6547.04224 	1.108644
6547.06360 	1.108551
6547.08496 	1.108497
6547.10632 	1.108332
6547.12769 	1.108396
6547.14905 	1.10908
6547.17041 	1.110547
6547.19177 	1.112282
6547.21313 	1.113696
6547.23450 	1.11434
6547.25586 	1.114162
6547.27722 	1.113584
6547.29858 	1.113125
6547.31995 	1.113138
6547.34131 	1.113516
6547.36267 	1.113668
6547.38403 	1.112944
6547.40540 	1.111105
6547.42676 	1.107959
6547.44812 	1.103897
6547.46948 	1.099337
6547.49084 	1.094309
6547.51221 	1.088628
6547.53357 	1.082239
6547.55493 	1.075239
6547.57629 	1.068374
6547.59766 	1.061922
6547.61902 	1.056214
6547.64038 	1.051462
6547.66174 	1.047823
6547.68311 	1.045814
6547.70447 	1.045783
6547.72583 	1.047864
6547.74719 	1.051567
6547.76855 	1.056055
6547.78992 	1.060893
6547.81128 	1.066005
6547.83264 	1.071781
6547.85400 	1.078136
6547.87537 	1.084582
6547.89673 	1.090962
6547.91809 	1.096685
6547.93945 	1.101657
6547.96082 	1.105789
6547.98218 	1.10909
6548.00354 	1.111404
6548.02490 	1.112907
6548.04626 	1.114064
6548.06763 	1.115486
6548.08899 	1.117411
6548.11035 	1.119676
6548.13171 	1.121706
6548.15308 	1.122578
6548.17444 	1.12232
6548.19580 	1.121438
6548.21716 	1.120878
6548.23853 	1.121189
6548.25989 	1.122227
6548.28125 	1.12302
6548.30261 	1.122622
6548.32397 	1.120804
6548.34534 	1.117674
6548.36670 	1.113289
6548.38806 	1.107077
6548.40942 	1.098267
6548.43079 	1.086655
6548.45215 	1.073186
6548.47351 	1.05937
6548.49487 	1.046428
6548.51624 	1.034454
6548.53760 	1.023236
6548.55896 	1.01361
6548.58032 	1.006414
6548.60168 	1.002331
6548.62305 	1.001279
6548.64441 	1.00237
6548.66577 	1.005399
6548.68713 	1.010821
6548.70850 	1.019105
6548.72986 	1.029965
6548.75122 	1.042316
6548.77258 	1.054719
6548.79395 	1.066318
6548.81531 	1.076831
6548.83667 	1.086689
6548.85803 	1.095581
6548.87939 	1.103638
6548.90076 	1.110109
6548.92212 	1.11448
6548.94348 	1.117189
6548.96484 	1.118974
6548.98621 	1.120634
6549.00757 	1.122641
6549.02893 	1.124461
6549.05029 	1.125759
6549.07166 	1.126631
6549.09302 	1.127747
6549.11438 	1.129796
6549.13574 	1.132659
6549.15710 	1.135721
6549.17847 	1.13817
6549.19983 	1.139793
6549.22119 	1.141189
6549.24255 	1.142937
6549.26392 	1.145177
6549.28528 	1.147585
6549.30664 	1.149787
6549.32800 	1.15168
6549.34937 	1.153449
6549.37073 	1.155383
6549.39209 	1.157461
6549.41345 	1.159368
6549.43481 	1.160732
6549.45618 	1.161319
6549.47754 	1.161259
6549.49890 	1.160942
6549.52026 	1.161035
6549.54163 	1.161652
6549.56299 	1.162643
6549.58435 	1.163654
6549.60571 	1.164249
6549.62708 	1.164182
6549.64844 	1.163718
6549.66980 	1.163337
6549.69116 	1.16314
6549.71252 	1.163374
6549.73389 	1.163944
6549.75525 	1.164634
6549.77661 	1.165333
6549.79797 	1.166042
6549.81934 	1.166747
6549.84070 	1.167533
6549.86206 	1.168457
6549.88342 	1.169605
6549.90479 	1.170932
6549.92615 	1.172281
6549.94751 	1.173583
6549.96887 	1.174608
6549.99023 	1.17524
6550.01160 	1.175649
6550.03296 	1.175823
6550.05432 	1.175807
6550.07568 	1.17577
6550.09705 	1.175583
6550.11841 	1.175203
6550.13977 	1.174566
6550.16113 	1.173416
6550.18250 	1.172168
6550.20386 	1.171332
6550.22522 	1.171515
6550.24658 	1.172874
6550.26794 	1.175049
6550.28931 	1.177307
6550.31067 	1.179241
6550.33203 	1.180977
6550.35339 	1.182839
6550.37476 	1.184738
6550.39612 	1.186468
6550.41748 	1.187617
6550.43884 	1.188274
6550.46021 	1.188679
6550.48157 	1.189435
6550.50293 	1.190671
6550.52429 	1.192327
6550.54565 	1.194432
6550.56702 	1.196621
6550.58838 	1.198574
6550.60974 	1.199792
6550.63110 	1.199991
6550.65247 	1.199205
6550.67383 	1.197906
6550.69519 	1.196752
6550.71655 	1.195973
6550.73792 	1.195768
6550.75928 	1.196072
6550.78064 	1.196685
6550.80200 	1.197493
6550.82336 	1.198072
6550.84473 	1.198279
6550.86609 	1.198077
6550.88745 	1.197735
6550.90881 	1.19768
6550.93018 	1.197973
6550.95154 	1.198783
6550.97290 	1.199883
6550.99426 	1.201182
6551.01563 	1.202548
6551.03699 	1.203913
6551.05835 	1.205288
6551.07971 	1.206831
6551.10107 	1.208776
6551.12244 	1.210933
6551.14380 	1.213168
6551.16516 	1.215084
6551.18652 	1.216541
6551.20789 	1.217651
6551.22925 	1.218955
6551.25061 	1.22075
6551.27197 	1.222953
6551.29333 	1.225038
6551.31470 	1.226587
6551.33606 	1.227368
6551.35742 	1.22763
6551.37878 	1.227742
6551.40015 	1.227826
6551.42151 	1.22764
6551.44287 	1.226776
6551.46423 	1.225091
6551.48560 	1.222898
6551.50696 	1.221019
6551.52832 	1.220214
6551.54968 	1.220651
6551.57104 	1.221999
6551.59241 	1.223744
6551.61377 	1.2257
6551.63513 	1.227997
6551.65649 	1.23067
6551.67786 	1.233273
6551.69922 	1.234812
6551.72058 	1.234895
6551.74194 	1.233876
6551.76331 	1.232611
6551.78467 	1.23193
6551.80603 	1.231972
6551.82739 	1.232208
6551.84875 	1.232278
6551.87012 	1.232137
6551.89148 	1.231971
6551.91284 	1.231772
6551.93420 	1.231206
6551.95557 	1.229729
6551.97693 	1.227331
6551.99829 	1.224695
6552.01965 	1.222597
6552.04102 	1.22187
6552.06238 	1.222649
6552.08374 	1.224707
6552.10510 	1.227461
6552.12646 	1.230331
6552.14783 	1.232991
6552.16919 	1.235269
6552.19055 	1.237416
6552.21191 	1.239479
6552.23328 	1.241095
6552.25464 	1.241786
6552.27600 	1.241181
6552.29736 	1.239412
6552.31873 	1.236778
6552.34009 	1.233459
6552.36145 	1.229071
6552.38281 	1.222961
6552.40417 	1.215022
6552.42554 	1.205247
6552.44690 	1.193432
6552.46826 	1.179558
6552.48962 	1.163932
6552.51099 	1.147667
6552.53235 	1.132162
6552.55371 	1.118535
6552.57507 	1.107347
6552.59644 	1.099177
6552.61780 	1.094947
6552.63916 	1.095304
6552.66052 	1.100398
6552.68188 	1.109193
6552.70325 	1.120601
6552.72461 	1.134111
6552.74597 	1.14964
6552.76733 	1.166756
6552.78870 	1.184109
6552.81006 	1.200426
6552.83142 	1.215462
6552.85278 	1.228758
6552.87415 	1.241011
6552.89551 	1.252595
6552.91687 	1.263068
6552.93823 	1.272151
6552.95959 	1.279802
6552.98096 	1.286244
6553.00232 	1.291648
6553.02368 	1.295975
6553.04504 	1.29939
6553.06641 	1.302234
6553.08777 	1.304837
6553.10913 	1.307424
6553.13049 	1.309818
6553.15186 	1.311739
6553.17322 	1.313004
6553.19458 	1.313676
6553.21594 	1.314209
6553.23730 	1.315302
6553.25867 	1.317226
6553.28003 	1.319973
6553.30139 	1.323053
6553.32275 	1.326075
6553.34412 	1.328687
6553.36548 	1.330865
6553.38684 	1.332798
6553.40820 	1.334399
6553.42957 	1.335667
6553.45093 	1.336297
6553.47229 	1.336109
6553.49365 	1.335016
6553.51501 	1.332956
6553.53638 	1.330545
6553.55774 	1.327912
6553.57910 	1.325123
6553.60046 	1.32184
6553.62183 	1.317692
6553.64319 	1.312802
6553.66455 	1.307588
6553.68591 	1.302694
6553.70728 	1.298493
6553.72864 	1.295056
6553.75000 	1.292745
6553.77136 	1.292072
6553.79272 	1.293512
6553.81409 	1.297364
6553.83545 	1.303492
6553.85681 	1.311422
6553.87817 	1.320621
6553.89954 	1.330572
6553.92090 	1.34056
6553.94226 	1.349911
6553.96362 	1.358165
6553.98499 	1.364951
6554.00635 	1.370118
6554.02771 	1.373549
6554.04907 	1.375631
6554.07043 	1.37677
6554.09180 	1.377757
6554.11316 	1.379416
6554.13452 	1.381945
6554.15588 	1.385591
6554.17725 	1.389991
6554.19861 	1.394789
6554.21997 	1.399285
6554.24133 	1.40282
6554.26270 	1.405327
6554.28406 	1.406936
6554.30542 	1.408288
6554.32678 	1.409791
6554.34814 	1.411518
6554.36951 	1.413591
6554.39087 	1.416168
6554.41223 	1.419297
6554.43359 	1.422688
6554.45496 	1.426148
6554.47632 	1.429336
6554.49768 	1.432079
6554.51904 	1.434593
6554.54041 	1.437028
6554.56177 	1.439485
6554.58313 	1.441899
6554.60449 	1.444194
6554.62585 	1.446498
6554.64722 	1.448893
6554.66858 	1.451515
6554.68994 	1.454429
6554.71130 	1.457425
6554.73267 	1.460231
6554.75403 	1.462736
6554.77539 	1.465159
6554.79675 	1.467813
6554.81812 	1.470902
6554.83948 	1.474487
6554.86084 	1.478113
6554.88220 	1.481474
6554.90356 	1.484714
6554.92493 	1.487975
6554.94629 	1.491066
6554.96765 	1.493795
6554.98901 	1.495863
6555.01038 	1.497491
6555.03174 	1.499161
6555.05310 	1.501575
6555.07446 	1.505024
6555.09583 	1.50939
6555.11719 	1.514815
6555.13855 	1.520895
6555.15991 	1.526973
6555.18127 	1.532285
6555.20264 	1.536481
6555.22400 	1.539767
6555.24536 	1.542585
6555.26672 	1.545293
6555.28809 	1.547978
6555.30945 	1.550329
6555.33081 	1.552451
6555.35217 	1.554847
6555.37354 	1.557853
6555.39490 	1.561718
6555.41626 	1.566272
6555.43762 	1.571232
6555.45898 	1.576433
6555.48035 	1.58172
6555.50171 	1.587215
6555.52307 	1.592847
6555.54443 	1.598468
6555.56580 	1.604189
6555.58716 	1.609946
6555.60852 	1.615816
6555.62988 	1.621993
6555.65125 	1.627836
6555.67261 	1.633079
6555.69397 	1.637182
6555.71533 	1.640142
6555.73669 	1.642611
6555.75806 	1.645453
6555.77942 	1.649389
6555.80078 	1.654238
6555.82214 	1.659189
6555.84351 	1.663833
6555.86487 	1.668012
6555.88623 	1.672512
6555.90759 	1.677874
6555.92896 	1.683656
6555.95032 	1.689633
6555.97168 	1.695372
6555.99304 	1.701249
6556.01440 	1.707465
6556.03577 	1.713834
6556.05713 	1.719919
6556.07849 	1.724934
6556.09985 	1.729078
6556.12122 	1.733236
6556.14258 	1.738429
6556.16394 	1.745549
6556.18530 	1.753823
6556.20667 	1.762057
6556.22803 	1.769364
6556.24939 	1.775303
6556.27075 	1.780483
6556.29211 	1.785602
6556.31348 	1.79113
6556.33484 	1.797033
6556.35620 	1.802865
6556.37756 	1.808688
6556.39893 	1.814793
6556.42029 	1.821675
6556.44165 	1.829767
6556.46301 	1.838426
6556.48438 	1.847053
6556.50574 	1.855006
6556.52710 	1.862011
6556.54846 	1.868328
6556.56982 	1.874619
6556.59119 	1.881535
6556.61255 	1.889234
6556.63391 	1.897413
6556.65527 	1.905521
6556.67664 	1.913696
6556.69800 	1.921463
6556.71936 	1.929353
6556.74072 	1.937304
6556.76208 	1.944999
6556.78345 	1.95191
6556.80481 	1.957769
6556.82617 	1.962844
6556.84753 	1.967837
6556.86890 	1.973145
6556.89026 	1.97841
6556.91162 	1.982608
6556.93298 	1.984118
6556.95435 	1.982093
6556.97571 	1.976967
6556.99707 	1.969609
6557.01843 	1.960484
6557.03979 	1.950175
6557.06116 	1.939837
6557.08252 	1.931343
6557.10388 	1.926791
6557.12524 	1.927487
6557.14661 	1.933419
6557.16797 	1.943567
6557.18933 	1.957243
6557.21069 	1.974215
6557.23206 	1.993753
6557.25342 	2.014769
6557.27478 	2.036529
6557.29614 	2.058819
6557.31750 	2.081934
6557.33887 	2.105949
6557.36023 	2.130308
6557.38159 	2.152737
6557.40295 	2.173151
6557.42432 	2.191978
6557.44568 	2.210014
6557.46704 	2.228045
6557.48840 	2.245761
6557.50977 	2.262335
6557.53113 	2.2771
6557.55249 	2.2897
6557.57385 	2.301435
6557.59521 	2.312539
6557.61658 	2.324129
6557.63794 	2.33644
6557.65930 	2.348868
6557.68066 	2.361391
6557.70203 	2.373499
6557.72339 	2.38494
6557.74475 	2.395605
6557.76611 	2.405845
6557.78748 	2.41596
6557.80884 	2.426225
6557.83020 	2.436619
6557.85156 	2.446675
6557.87292 	2.456169
6557.89429 	2.465633
6557.91565 	2.475492
6557.93701 	2.485393
6557.95837 	2.494365
6557.97974 	2.501254
6558.00110 	2.506234
6558.02246 	2.511233
6558.04382 	2.518157
6558.06519 	2.527498
6558.08655 	2.538642
6558.10791 	2.550619
6558.12927 	2.563469
6558.15063 	2.578631
6558.17200 	2.596402
6558.19336 	2.617394
6558.21472 	2.640429
6558.23608 	2.664475
6558.25745 	2.689263
6558.27881 	2.714841
6558.30017 	2.741237
6558.32153 	2.767411
6558.34290 	2.792609
6558.36426 	2.814211
6558.38562 	2.832864
6558.40698 	2.849273
6558.42834 	2.864241
6558.44971 	2.878784
6558.47107 	2.893336
6558.49243 	2.908203
6558.51379 	2.923936
6558.53516 	2.940091
6558.55652 	2.957175
6558.57788 	2.975411
6558.59924 	2.99453
6558.62061 	3.014327
6558.64197 	3.034576
6558.66333 	3.055264
6558.68469 	3.076938
6558.70605 	3.098655
6558.72742 	3.119896
6558.74878 	3.14075
6558.77014 	3.161751
6558.79150 	3.183102
6558.81287 	3.204308
6558.83423 	3.224639
6558.85559 	3.243871
6558.87695 	3.262219
6558.89832 	3.280113
6558.91968 	3.298651
6558.94104 	3.317405
6558.96240 	3.335138
6558.98376 	3.35159
6559.00513 	3.367458
6559.02649 	3.384016
6559.04785 	3.40239
6559.06921 	3.421413
6559.09058 	3.440524
6559.11194 	3.458671
6559.13330 	3.475528
6559.15466 	3.491889
6559.17603 	3.508696
6559.19739 	3.527553
6559.21875 	3.547758
6559.24011 	3.569096
6559.26147 	3.590461
6559.28284 	3.610389
6559.30420 	3.628005
6559.32556 	3.643856
6559.34692 	3.658956
6559.36829 	3.674456
6559.38965 	3.689892
6559.41101 	3.705369
6559.43237 	3.721483
6559.45374 	3.738957
6559.47510 	3.757912
6559.49646 	3.777669
6559.51782 	3.797092
6559.53918 	3.814719
6559.56055 	3.831161
6559.58191 	3.847499
6559.60327 	3.864184
6559.62463 	3.880605
6559.64600 	3.895999
6559.66736 	3.911206
6559.68872 	3.926644
6559.71008 	3.942777
6559.73145 	3.95965
6559.75281 	3.97614
6559.77417 	3.991959
6559.79553 	4.007366
6559.81689 	4.023853
6559.83826 	4.042098
6559.85962 	4.061239
6559.88098 	4.081152
6559.90234 	4.100608
6559.92371 	4.119283
6559.94507 	4.137153
6559.96643 	4.154473
6559.98779 	4.171264
6560.00916 	4.18615
6560.03052 	4.199088
6560.05188 	4.210004
6560.07324 	4.219662
6560.09460 	4.228245
6560.11597 	4.235268
6560.13733 	4.240554
6560.15869 	4.243687
6560.18005 	4.245892
6560.20142 	4.248055
6560.22278 	4.249822
6560.24414 	4.24989
6560.26550 	4.246861
6560.28687 	4.241333
6560.30823 	4.234769
6560.32959 	4.227975
6560.35095 	4.221074
6560.37231 	4.21406
6560.39368 	4.207549
6560.41504 	4.203553
6560.43640 	4.203678
6560.45776 	4.208314
6560.47913 	4.217128
6560.50049 	4.229667
6560.52185 	4.24639
6560.54321 	4.267961
6560.56458 	4.292541
6560.58594 	4.318259
6560.60730 	4.344458
6560.62866 	4.370917
6560.65002 	4.398061
6560.67139 	4.425478
6560.69275 	4.452812
6560.71411 	4.478689
6560.73547 	4.501657
6560.75684 	4.522778
6560.77820 	4.542057
6560.79956 	4.559736
6560.82092 	4.576158
6560.84229 	4.59137
6560.86365 	4.604957
6560.88501 	4.617352
6560.90637 	4.628374
6560.92773 	4.638283
6560.94910 	4.64748
6560.97046 	4.656669
6560.99182 	4.665422
6561.01318 	4.674603
6561.03455 	4.684847
6561.05591 	4.696827
6561.07727 	4.711454
6561.09863 	4.729305
6561.12000 	4.74939
6561.14136 	4.772322
6561.16272 	4.798079
6561.18408 	4.826696
6561.20544 	4.857355
6561.22681 	4.890605
6561.24817 	4.924588
6561.26953 	4.958311
6561.29089 	4.990943
6561.31226 	5.020708
6561.33362 	5.046521
6561.35498 	5.068908
6561.37634 	5.087376
6561.39771 	5.102194
6561.41907 	5.113383
6561.44043 	5.121414
6561.46179 	5.127919
6561.48315 	5.135004
6561.50452 	5.143859
6561.52588 	5.1541
6561.54724 	5.16465
6561.56860 	5.17369
6561.58997 	5.180459
6561.61133 	5.185056
6561.63269 	5.187322
6561.65405 	5.187869
6561.67542 	5.187315
6561.69678 	5.186694
6561.71814 	5.186822
6561.73950 	5.187969
6561.76086 	5.190354
6561.78223 	5.192921
6561.80359 	5.194989
6561.82495 	5.194867
6561.84631 	5.191215
6561.86768 	5.184294
6561.88904 	5.17502
6561.91040 	5.166936
6561.93176 	5.161439
6561.95313 	5.158567
6561.97449 	5.157476
6561.99585 	5.157056
6562.01721 	5.156762
6562.03857 	5.155754
6562.05994 	5.153054
6562.08130 	5.148202
6562.10266 	5.141412
6562.12402 	5.134134
6562.14539 	5.128484
6562.16675 	5.12407
6562.18811 	5.119978
6562.20947 	5.115396
6562.23083 	5.109859
6562.25220 	5.1041
6562.27356 	5.097998
6562.29492 	5.091044
6562.31628 	5.082687
6562.33765 	5.073472
6562.35901 	5.064522
6562.38037 	5.057446
6562.40173 	5.052952
6562.42310 	5.050726
6562.44446 	5.050553
6562.46582 	5.051873
6562.48718 	5.054486
6562.50854 	5.058295
6562.52991 	5.063073
6562.55127 	5.068787
6562.57263 	5.07461
6562.59399 	5.079572
6562.61536 	5.083135
6562.63672 	5.085345
6562.65808 	5.087251
6562.67944 	5.08942
6562.70081 	5.09185
6562.72217 	5.093852
6562.74353 	5.095065
6562.76489 	5.095871
6562.78625 	5.096952
6562.80762 	5.098356
6562.82898 	5.099637
6562.85034 	5.100679
6562.87170 	5.101499
6562.89307 	5.102362
6562.91443 	5.103782
6562.93579 	5.104968
6562.95715 	5.105433
6562.97852 	5.104665
6562.99988 	5.103271
6563.02124 	5.101985
6563.04260 	5.100738
6563.06396 	5.099291
6563.08533 	5.096534
6563.10669 	5.09224
6563.12805 	5.087425
6563.14941 	5.083538
6563.17078 	5.081213
6563.19214 	5.079211
6563.21350 	5.075433
6563.23486 	5.068136
6563.25623 	5.057125
6563.27759 	5.043083
6563.29895 	5.027462
6563.32031 	5.009945
6563.34167 	4.989155
6563.36304 	4.965037
6563.38440 	4.937634
6563.40576 	4.909448
6563.42712 	4.883525
6563.44849 	4.86114
6563.46985 	4.843772
6563.49121 	4.831505
6563.51257 	4.823751
6563.53394 	4.819104
6563.55530 	4.815779
6563.57666 	4.81371
6563.59802 	4.813194
6563.61938 	4.813472
6563.64075 	4.812223
6563.66211 	4.80723
6563.68347 	4.79756
6563.70483 	4.784321
6563.72620 	4.768964
6563.74756 	4.75204
6563.76892 	4.731743
6563.79028 	4.706385
6563.81165 	4.676276
6563.83301 	4.642433
6563.85437 	4.608647
6563.87573 	4.574299
6563.89709 	4.537749
6563.91846 	4.497088
6563.93982 	4.449238
6563.96118 	4.397182
6563.98254 	4.342061
6564.00391 	4.285159
6564.02527 	4.227964
6564.04663 	4.169677
6564.06799 	4.115093
6564.08936 	4.066539
6564.11072 	4.025612
6564.13208 	3.993866
6564.15344 	3.970741
6564.17480 	3.956647
6564.19617 	3.95207
6564.21753 	3.956845
6564.23889 	3.969339
6564.26025 	3.987508
6564.28162 	4.008802
6564.30298 	4.032166
6564.32434 	4.056971
6564.34570 	4.082406
6564.36707 	4.106187
6564.38843 	4.125881
6564.40979 	4.141892
6564.43115 	4.154551
6564.45251 	4.164233
6564.47388 	4.170461
6564.49524 	4.17254
6564.51660 	4.171463
6564.53796 	4.16775
6564.55933 	4.162144
6564.58069 	4.155579
6564.60205 	4.148728
6564.62341 	4.141934
6564.64478 	4.135136
6564.66614 	4.128238
6564.68750 	4.120982
6564.70886 	4.113719
6564.73022 	4.107004
6564.75159 	4.100604
6564.77295 	4.093757
6564.79431 	4.086003
6564.81567 	4.076894
6564.83704 	4.067176
6564.85840 	4.057986
6564.87976 	4.049712
6564.90112 	4.042403
6564.92249 	4.034495
6564.94385 	4.02526
6564.96521 	4.014329
6564.98657 	4.002882
6565.00793 	3.991328
6565.02930 	3.979154
6565.05066 	3.965674
6565.07202 	3.950015
6565.09338 	3.933594
6565.11475 	3.917785
6565.13611 	3.903707
6565.15747 	3.891558
6565.17883 	3.879784
6565.20020 	3.867388
6565.22156 	3.85357
6565.24292 	3.838141
6565.26428 	3.821064
6565.28564 	3.803192
6565.30701 	3.785038
6565.32837 	3.766383
6565.34973 	3.74815
6565.37109 	3.730467
6565.39246 	3.713552
6565.41382 	3.697731
6565.43518 	3.682179
6565.45654 	3.666475
6565.47791 	3.650379
6565.49927 	3.634192
6565.52063 	3.617198
6565.54199 	3.599371
6565.56335 	3.581316
6565.58472 	3.563741
6565.60608 	3.547766
6565.62744 	3.532475
6565.64880 	3.516997
6565.67017 	3.500181
6565.69153 	3.482782
6565.71289 	3.464916
6565.73425 	3.447232
6565.75562 	3.429697
6565.77698 	3.413065
6565.79834 	3.396541
6565.81970 	3.379572
6565.84106 	3.361893
6565.86243 	3.342853
6565.88379 	3.323192
6565.90515 	3.302729
6565.92651 	3.282399
6565.94788 	3.262525
6565.96924 	3.244837
6565.99060 	3.228754
6566.01196 	3.213036
6566.03333 	3.195932
6566.05469 	3.17738
6566.07605 	3.157352
6566.09741 	3.136539
6566.11877 	3.11647
6566.14014 	3.097712
6566.16150 	3.081419
6566.18286 	3.066853
6566.20422 	3.052643
6566.22559 	3.037251
6566.24695 	3.020435
6566.26831 	3.00253
6566.28967 	2.98356
6566.31104 	2.963272
6566.33240 	2.942333
6566.35376 	2.921525
6566.37512 	2.900825
6566.39648 	2.880934
6566.41785 	2.861627
6566.43921 	2.843296
6566.46057 	2.826339
6566.48193 	2.809966
6566.50330 	2.794057
6566.52466 	2.778318
6566.54602 	2.763237
6566.56738 	2.748076
6566.58875 	2.73262
6566.61011 	2.71666
6566.63147 	2.701391
6566.65283 	2.687159
6566.67419 	2.674204
6566.69556 	2.661961
6566.71692 	2.650733
6566.73828 	2.639621
6566.75964 	2.628223
6566.78101 	2.61596
6566.80237 	2.602925
6566.82373 	2.588446
6566.84509 	2.572347
6566.86646 	2.55568
6566.88782 	2.539123
6566.90918 	2.524391
6566.93054 	2.511594
6566.95190 	2.49997
6566.97327 	2.488522
6566.99463 	2.477149
6567.01599 	2.465236
6567.03735 	2.452764
6567.05872 	2.439366
6567.08008 	2.426091
6567.10144 	2.412815
6567.12280 	2.399414
6567.14417 	2.385519
6567.16553 	2.371373
6567.18689 	2.357361
6567.20825 	2.343751
6567.22961 	2.330565
6567.25098 	2.318151
6567.27234 	2.306541
6567.29370 	2.295349
6567.31506 	2.283997
6567.33643 	2.272528
6567.35779 	2.260897
6567.37915 	2.248545
6567.40051 	2.235514
6567.42188 	2.222562
6567.44324 	2.210748
6567.46460 	2.200075
6567.48596 	2.190089
6567.50732 	2.17994
6567.52869 	2.169317
6567.55005 	2.157902
6567.57141 	2.146269
6567.59277 	2.134766
6567.61414 	2.123945
6567.63550 	2.113039
6567.65686 	2.101711
6567.67822 	2.090012
6567.69958 	2.079217
6567.72095 	2.069589
6567.74231 	2.061161
6567.76367 	2.05314
6567.78503 	2.045444
6567.80640 	2.037842
6567.82776 	2.030377
6567.84912 	2.022912
6567.87048 	2.015744
6567.89185 	2.008479
6567.91321 	2.000947
6567.93457 	1.993231
6567.95593 	1.985734
6567.97729 	1.977944
6567.99866 	1.969559
6568.02002 	1.960204
6568.04138 	1.950544
6568.06274 	1.941038
6568.08411 	1.932092
6568.10547 	1.923622
6568.12683 	1.916066
6568.14819 	1.909304
6568.16956 	1.902849
6568.19092 	1.895806
6568.21228 	1.888083
6568.23364 	1.879815
6568.25500 	1.871549
6568.27637 	1.86399
6568.29773 	1.857549
6568.31909 	1.851792
6568.34045 	1.845774
6568.36182 	1.838784
6568.38318 	1.830885
6568.40454 	1.822563
6568.42590 	1.813916
6568.44727 	1.804747
6568.46863 	1.794936
6568.48999 	1.784899
6568.51135 	1.774557
6568.53271 	1.764167
6568.55408 	1.753945
6568.57544 	1.74407
6568.59680 	1.734131
6568.61816 	1.723852
6568.63953 	1.713046
6568.66089 	1.702292
6568.68225 	1.691198
6568.70361 	1.67995
6568.72498 	1.669553
6568.74634 	1.659956
6568.76770 	1.651744
6568.78906 	1.64511
6568.81042 	1.640635
6568.83179 	1.638335
6568.85315 	1.637708
6568.87451 	1.637867
6568.89587 	1.637888
6568.91724 	1.636864
6568.93860 	1.634778
6568.95996 	1.631645
6568.98132 	1.628299
6569.00269 	1.625383
6569.02405 	1.622931
6569.04541 	1.620821
6569.06677 	1.618523
6569.08813 	1.615488
6569.10950 	1.611616
6569.13086 	1.607337
6569.15222 	1.602867
6569.17358 	1.598502
6569.19495 	1.594099
6569.21631 	1.589945
6569.23767 	1.585969
6569.25903 	1.58196
6569.28040 	1.577519
6569.30176 	1.572388
6569.32312 	1.566969
6569.34448 	1.561684
6569.36584 	1.557055
6569.38721 	1.553672
6569.40857 	1.551384
6569.42993 	1.549503
6569.45129 	1.547315
6569.47266 	1.544339
6569.49402 	1.540781
6569.51538 	1.53726
6569.53674 	1.534556
6569.55811 	1.533001
6569.57947 	1.532222
6569.60083 	1.531716
6569.62219 	1.531261
6569.64355 	1.530815
6569.66492 	1.530205
6569.68628 	1.528925
6569.70764 	1.526255
6569.72900 	1.522424
6569.75037 	1.517781
6569.77173 	1.512871
6569.79309 	1.508117
6569.81445 	1.503154
6569.83582 	1.498179
6569.85718 	1.492971
6569.87854 	1.48845
6569.89990 	1.484699
6569.92126 	1.481308
6569.94263 	1.477828
6569.96399 	1.474151
6569.98535 	1.470172
6570.00671 	1.466118
6570.02808 	1.461887
6570.04944 	1.457979
6570.07080 	1.454579
6570.09216 	1.451883
6570.11353 	1.450287
6570.13489 	1.449285
6570.15625 	1.447987
6570.17761 	1.44573
6570.19897 	1.442433
6570.22034 	1.438649
6570.24170 	1.435007
6570.26306 	1.431661
6570.28442 	1.428414
6570.30579 	1.424888
6570.32715 	1.420994
6570.34851 	1.417179
6570.36987 	1.413951
6570.39124 	1.41134
6570.41260 	1.408818
6570.43396 	1.405941
6570.45532 	1.402433
6570.47668 	1.398231
6570.49805 	1.393846
6570.51941 	1.389817
6570.54077 	1.386397
6570.56213 	1.383539
6570.58350 	1.381088
6570.60486 	1.378888
6570.62622 	1.376596
6570.64758 	1.3742
6570.66895 	1.371887
6570.69031 	1.370059
6570.71167 	1.368548
6570.73303 	1.367174
6570.75439 	1.365777
6570.77576 	1.364005
6570.79712 	1.361919
6570.81848 	1.359375
6570.83984 	1.356632
6570.86121 	1.353695
6570.88257 	1.35054
6570.90393 	1.347294
6570.92529 	1.34436
6570.94666 	1.341811
6570.96802 	1.339918
6570.98938 	1.338674
6571.01074 	1.337796
6571.03210 	1.33698
6571.05347 	1.336155
6571.07483 	1.33579
6571.09619 	1.33591
6571.11755 	1.336403
6571.13892 	1.336661
6571.16028 	1.335979
6571.18164 	1.334465
6571.20300 	1.332382
6571.22437 	1.330451
6571.24573 	1.329004
6571.26709 	1.327841
6571.28845 	1.326735
6571.30981 	1.325448
6571.33118 	1.323898
6571.35254 	1.321951
6571.37390 	1.319619
6571.39526 	1.317149
6571.41663 	1.314477
6571.43799 	1.31184
6571.45935 	1.309455
6571.48071 	1.307105
6571.50208 	1.304389
6571.52344 	1.301297
6571.54480 	1.298111
6571.56616 	1.295094
6571.58752 	1.292748
6571.60889 	1.291216
6571.63025 	1.290233
6571.65161 	1.289057
6571.67297 	1.287329
6571.69434 	1.285038
6571.71570 	1.282382
6571.73706 	1.279569
6571.75842 	1.276096
6571.77979 	1.271361
6571.80115 	1.264507
6571.82251 	1.255312
6571.84387 	1.244915
6571.86523 	1.233693
6571.88660 	1.221859
6571.90796 	1.20898
6571.92932 	1.195767
6571.95068 	1.18216
6571.97205 	1.168611
6571.99341 	1.156964
6572.01477 	1.147514
6572.03613 	1.140571
6572.05750 	1.136115
6572.07886 	1.13416
6572.10022 	1.134371
6572.12158 	1.137226
6572.14294 	1.143098
6572.16431 	1.151753
6572.18567 	1.162266
6572.20703 	1.173647
6572.22839 	1.184266
6572.24976 	1.193573
6572.27112 	1.202132
6572.29248 	1.20982
6572.31384 	1.21641
6572.33521 	1.222003
6572.35657 	1.226115
6572.37793 	1.228767
6572.39929 	1.230407
6572.42065 	1.231631
6572.44202 	1.232874
6572.46338 	1.233829
6572.48474 	1.234164
6572.50610 	1.233647
6572.52747 	1.232188
6572.54883 	1.230572
6572.57019 	1.229545
6572.59155 	1.229233
6572.61292 	1.229583
6572.63428 	1.230333
6572.65564 	1.231366
6572.67700 	1.232533
6572.69836 	1.233748
6572.71973 	1.234846
6572.74109 	1.235018
6572.76245 	1.233996
6572.78381 	1.231948
6572.80518 	1.229237
6572.82654 	1.226568
6572.84790 	1.224101
6572.86926 	1.221652
6572.89063 	1.218734
6572.91199 	1.215592
6572.93335 	1.212613
6572.95471 	1.210307
6572.97607 	1.209337
6572.99744 	1.20918
6573.01880 	1.209362
6573.04016 	1.209353
6573.06152 	1.209195
6573.08289 	1.209346
6573.10425 	1.209742
6573.12561 	1.210115
6573.14697 	1.209803
6573.16833 	1.20815
6573.18970 	1.205675
6573.21106 	1.202861
6573.23242 	1.200355
6573.25378 	1.198142
6573.27515 	1.195944
6573.29651 	1.193308
6573.31787 	1.19021
6573.33923 	1.187352
6573.36060 	1.185145
6573.38196 	1.183573
6573.40332 	1.182457
6573.42468 	1.181642
6573.44604 	1.181036
6573.46741 	1.180796
6573.48877 	1.180964
6573.51013 	1.181286
6573.53149 	1.181409
6573.55286 	1.181242
6573.57422 	1.181123
6573.59558 	1.181276
6573.61694 	1.181736
6573.63831 	1.182215
6573.65967 	1.182227
6573.68103 	1.181817
6573.70239 	1.181447
6573.72375 	1.181495
6573.74512 	1.18193
6573.76648 	1.182149
6573.78784 	1.181638
6573.80920 	1.180593
6573.83057 	1.179426
6573.85193 	1.178607
6573.87329 	1.17818
6573.89465 	1.177595
6573.91602 	1.176693
6573.93738 	1.175705
6573.95874 	1.174965
6573.98010 	1.17466
6574.00146 	1.174674
6574.02283 	1.174742
6574.04419 	1.174672
6574.06555 	1.174368
6574.08691 	1.173745
6574.10828 	1.172853
6574.12964 	1.171858
6574.15100 	1.17104
6574.17236 	1.170469
6574.19373 	1.169756
6574.21509 	1.168472
6574.23645 	1.166591
6574.25781 	1.164508
6574.27917 	1.162881
6574.30054 	1.161917
6574.32190 	1.161106
6574.34326 	1.159835
6574.36462 	1.157729
6574.38599 	1.155246
6574.40735 	1.152934
6574.42871 	1.151099
6574.45007 	1.149566
6574.47144 	1.148017
6574.49280 	1.146086
6574.51416 	1.143358
6574.53552 	1.139392
6574.55688 	1.133567
6574.57825 	1.125802
6574.59961 	1.116569
6574.62097 	1.105835
6574.64233 	1.093708
6574.66370 	1.079865
6574.68506 	1.064062
6574.70642 	1.04669
6574.72778 	1.029342
6574.74915 	1.013258
6574.77051 	0.9981921
6574.79187 	0.9850495
6574.81323 	0.9753725
6574.83459 	0.9704067
6574.85596 	0.9709129
6574.87732 	0.9760371
6574.89868 	0.9840673
6574.92004 	0.9944299
6574.94141 	1.00745
6574.96277 	1.022692
6574.98413 	1.039658
6575.00549 	1.056543
6575.02686 	1.07069
6575.04822 	1.08209
6575.06958 	1.091464
6575.09094 	1.099143
6575.11230 	1.105838
6575.13367 	1.111287
6575.15503 	1.115182
6575.17639 	1.11743
6575.19775 	1.118695
6575.21912 	1.119753
6575.24048 	1.121156
6575.26184 	1.123019
6575.28320 	1.124823
6575.30457 	1.126021
6575.32593 	1.126552
6575.34729 	1.126711
6575.36865 	1.126695
6575.39001 	1.126544
6575.41138 	1.12604
6575.43274 	1.125152
6575.45410 	1.124135
6575.47546 	1.123253
6575.49683 	1.122756
6575.51819 	1.122319
6575.53955 	1.121641
6575.56091 	1.120739
6575.58228 	1.119788
6575.60364 	1.119295
6575.62500 	1.119331
6575.64636 	1.119735
6575.66772 	1.120047
6575.68909 	1.119916
6575.71045 	1.119568
6575.73181 	1.119192
6575.75317 	1.118732
6575.77454 	1.117904
6575.79590 	1.11651
6575.81726 	1.114685
6575.83862 	1.112936
6575.85999 	1.112108
6575.88135 	1.112404
6575.90271 	1.113409
6575.92407 	1.11481
6575.94543 	1.115916
6575.96680 	1.11615
6575.98816 	1.115333
6576.00952 	1.113392
6576.03088 	1.110909
6576.05225 	1.108638
6576.07361 	1.107367
6576.09497 	1.107415
6576.11633 	1.108121
6576.13770 	1.108958
6576.15906 	1.109468
6576.18042 	1.109329
6576.20178 	1.108488
6576.22314 	1.106758
6576.24451 	1.10424
6576.26587 	1.101137
6576.28723 	1.098036
6576.30859 	1.095538
6576.32996 	1.093766
6576.35132 	1.092749
6576.37268 	1.092709
6576.39404 	1.093837
6576.41541 	1.096151
6576.43677 	1.09918
6576.45813 	1.101841
6576.47949 	1.103357
6576.50085 	1.103462
6576.52222 	1.102653
6576.54358 	1.10147
6576.56494 	1.100242
6576.58630 	1.099164
6576.60767 	1.098296
6576.62903 	1.097723
6576.65039 	1.097307
6576.67175 	1.09672
6576.69312 	1.095628
6576.71448 	1.093976
6576.73584 	1.092357
6576.75720 	1.091463
6576.77856 	1.091553
6576.79993 	1.092334
6576.82129 	1.093437
6576.84265 	1.094553
6576.86401 	1.095194
6576.88538 	1.094832
6576.90674 	1.09291
6576.92810 	1.089157
6576.94946 	1.08468
6576.97083 	1.081295
6576.99219 	1.079968
6577.01355 	1.080657
6577.03491 	1.082268
6577.05627 	1.083551
6577.07764 	1.084249
6577.09900 	1.084933
6577.12036 	1.086101
6577.14172 	1.087593
6577.16309 	1.088704
6577.18445 	1.089197
6577.20581 	1.089044
6577.22717 	1.088855
6577.24854 	1.089182
6577.26990 	1.089726
6577.29126 	1.090198
6577.31262 	1.090298
6577.33398 	1.089675
6577.35535 	1.088245
6577.37671 	1.086311
6577.39807 	1.084172
6577.41943 	1.082269
6577.44080 	1.081047
6577.46216 	1.080732
6577.48352 	1.080905
6577.50488 	1.081183
6577.52625 	1.081265
6577.54761 	1.081019
6577.56897 	1.080607
6577.59033 	1.080196
6577.61169 	1.0798
6577.63306 	1.079434
6577.65442 	1.079008
6577.67578 	1.07853
6577.69714 	1.078193
6577.71851 	1.078173
6577.73987 	1.078564
6577.76123 	1.078875
6577.78259 	1.078581
6577.80396 	1.07744
6577.82532 	1.075868
6577.84668 	1.074492
6577.86804 	1.073809
6577.88940 	1.073718
6577.91077 	1.073702
6577.93213 	1.073515
6577.95349 	1.073273
6577.97485 	1.073242
6577.99622 	1.073602
6578.01758 	1.074006
6578.03894 	1.074038
6578.06030 	1.073648
6578.08167 	1.07297
6578.10303 	1.07239
6578.12439 	1.072095
6578.14575 	1.072203
6578.16711 	1.072742
6578.18848 	1.073558
6578.20984 	1.07459
6578.23120 	1.075379
6578.25256 	1.075738
6578.27393 	1.075511
6578.29529 	1.074679
6578.31665 	1.073526
6578.33801 	1.071994
6578.35938 	1.070179
6578.38074 	1.068398
6578.40210 	1.066862
6578.42346 	1.065879
6578.44482 	1.065535
6578.46619 	1.065947
6578.48755 	1.066768
6578.50891 	1.067733
6578.53027 	1.068819
6578.55164 	1.069809
6578.57300 	1.070686
6578.59436 	1.071251
6578.61572 	1.071355
6578.63708 	1.070928
6578.65845 	1.069852
6578.67981 	1.06834
6578.70117 	1.066536
6578.72253 	1.064816
6578.74390 	1.063705
6578.76526 	1.063323
6578.78662 	1.063621
6578.80798 	1.064335
6578.82935 	1.064856
6578.85071 	1.064771
6578.87207 	1.064154
6578.89343 	1.063302
6578.91479 	1.06271
6578.93616 	1.062525
6578.95752 	1.062464
6578.97888 	1.061825
6579.00024 	1.06021
6579.02161 	1.057749
6579.04297 	1.054886
6579.06433 	1.052326
6579.08569 	1.050478
6579.10706 	1.049255
6579.12842 	1.048404
6579.14978 	1.047917
6579.17114 	1.047997
6579.19250 	1.048776
6579.21387 	1.05007
6579.23523 	1.051324
6579.25659 	1.052005
6579.27795 	1.051915
6579.29932 	1.051461
6579.32068 	1.051335
6579.34204 	1.052011
6579.36340 	1.053407
6579.38477 	1.054876
6579.40613 	1.055761
6579.42749 	1.055867
6579.44885 	1.055374
6579.47021 	1.054636
6579.49158 	1.053636
6579.51294 	1.052504
6579.53430 	1.051458
6579.55566 	1.05059
6579.57703 	1.050377
6579.59839 	1.050496
6579.61975 	1.050468
6579.64111 	1.050282
6579.66248 	1.05005
6579.68384 	1.050222
6579.70520 	1.050558
6579.72656 	1.050667
6579.74792 	1.05041
6579.76929 	1.049829
6579.79065 	1.04981
6579.81201 	1.050543
6579.83337 	1.051571
6579.85474 	1.052103
6579.87610 	1.051414
6579.89746 	1.049771
6579.91882 	1.047682
6579.94019 	1.046005
6579.96155 	1.045018
6579.98291 	1.04443
6580.00427 	1.044162
6580.02563 	1.044003
6580.04700 	1.043786
6580.06836 	1.04358
6580.08972 	1.043355
6580.11108 	1.04287
6580.13245 	1.042068
6580.15381 	1.040918
6580.17517 	1.039385
6580.19653 	1.037883
6580.21790 	1.037029
6580.23926 	1.037195
6580.26062 	1.038379
6580.28198 	1.040091
6580.30334 	1.041788
6580.32471 	1.043198
6580.34607 	1.044231
6580.36743 	1.044986
6580.38879 	1.045303
6580.41016 	1.044927
6580.43152 	1.043852
6580.45288 	1.042433
6580.47424 	1.04116
6580.49561 	1.040158
6580.51697 	1.039174
6580.53833 	1.037592
6580.55969 	1.034759
6580.58105 	1.030764
6580.60242 	1.025738
6580.62378 	1.02002
6580.64514 	1.014654
6580.66650 	1.009702
6580.68787 	1.005196
6580.70923 	1.001036
6580.73059 	0.9974617
6580.75195 	0.9947275
6580.77332 	0.993273
6580.79468 	0.9930032
6580.81604 	0.9934582
6580.83740 	0.9940192
6580.85876 	0.9949732
6580.88013 	0.9970161
6580.90149 	1.000551
6580.92285 	1.005896
6580.94421 	1.011774
6580.96558 	1.017464
6580.98694 	1.022708
6581.00830 	1.027108
6581.02966 	1.030745
6581.05103 	1.033306
6581.07239 	1.034439
6581.09375 	1.034272
6581.11511 	1.033175
6581.13647 	1.031662
6581.15784 	1.030059
6581.17920 	1.028655
6581.20056 	1.027742
6581.22192 	1.027597
6581.24329 	1.028394
6581.26465 	1.029896
6581.28601 	1.031532
6581.30737 	1.032804
6581.32874 	1.033647
6581.35010 	1.034267
6581.37146 	1.034905
6581.39282 	1.035551
6581.41418 	1.036084
6581.43555 	1.036531
6581.45691 	1.036963
6581.47827 	1.037706
6581.49963 	1.038641
6581.52100 	1.039447
6581.54236 	1.039835
6581.56372 	1.039514
6581.58508 	1.038697
6581.60645 	1.037487
6581.62781 	1.035935
6581.64917 	1.033968
6581.67053 	1.031851
6581.69189 	1.029703
6581.71326 	1.028007
6581.73462 	1.027258
6581.75598 	1.027479
6581.77734 	1.028502
6581.79871 	1.029872
6581.82007 	1.031284
6581.84143 	1.032452
6581.86279 	1.033498
6581.88416 	1.03432
6581.90552 	1.034548
6581.92688 	1.033996
6581.94824 	1.032758
6581.96960 	1.031562
6581.99097 	1.030941
6582.01233 	1.031079
6582.03369 	1.031539
6582.05505 	1.031498
6582.07642 	1.030845
6582.09778 	1.030096
6582.11914 	1.029976
6582.14050 	1.030657
6582.16187 	1.031584
6582.18323 	1.031915
6582.20459 	1.031266
6582.22595 	1.029784
6582.24731 	1.02809
6582.26868 	1.026734
6582.29004 	1.025607
6582.31140 	1.024555
6582.33276 	1.023497
6582.35413 	1.022513
6582.37549 	1.022034
6582.39685 	1.0222
6582.41821 	1.022896
6582.43958 	1.023845
6582.46094 	1.024707
6582.48230 	1.025473
6582.50366 	1.026316
6582.52502 	1.027465
6582.54639 	1.028838
6582.56775 	1.030104
6582.58911 	1.030894
6582.61047 	1.030956
6582.63184 	1.030483
6582.65320 	1.029922
6582.67456 	1.029727
6582.69592 	1.029897
6582.71729 	1.029994
6582.73865 	1.029603
6582.76001 	1.028343
6582.78137 	1.026201
6582.80273 	1.023547
6582.82410 	1.021077
6582.84546 	1.019633
6582.86682 	1.01946
6582.88818 	1.020761
6582.90955 	1.02305
6582.93091 	1.025801
6582.95227 	1.028516
6582.97363 	1.030543
6582.99500 	1.03129
6583.01636 	1.030773
6583.03772 	1.029417
6583.05908 	1.027922
6583.08044 	1.026648
6583.10181 	1.025531
6583.12317 	1.024093
6583.14453 	1.022137
6583.16589 	1.019824
6583.18726 	1.017475
6583.20862 	1.015521
6583.22998 	1.013838
6583.25134 	1.012317
6583.27271 	1.010823
6583.29407 	1.009238
6583.31543 	1.007781
6583.33679 	1.006561
6583.35815 	1.005815
6583.37952 	1.005368
6583.40088 	1.004523
6583.42224 	1.002924
6583.44360 	1.00061
6583.46497 	0.9983792
6583.48633 	0.9972376
6583.50769 	0.9974398
6583.52905 	0.9986559
6583.55042 	1.000273
6583.57178 	1.001906
6583.59314 	1.00346
6583.61450 	1.005002
6583.63586 	1.006639
6583.65723 	1.008419
6583.67859 	1.01054
6583.69995 	1.013179
6583.72131 	1.016278
6583.74268 	1.019235
6583.76404 	1.021636
6583.78540 	1.02352
6583.80676 	1.025002
6583.82813 	1.026178
6583.84949 	1.027205
6583.87085 	1.028088
6583.89221 	1.028829
6583.91357 	1.029559
6583.93494 	1.030253
6583.95630 	1.03079
6583.97766 	1.030927
6583.99902 	1.030712
6584.02039 	1.03037
6584.04175 	1.030146
6584.06311 	1.029957
6584.08447 	1.029757
6584.10583 	1.029309
6584.12720 	1.028701
6584.14856 	1.027838
6584.16992 	1.02674
6584.19128 	1.025434
6584.21265 	1.024025
6584.23401 	1.023086
6584.25537 	1.023046
6584.27673 	1.024009
6584.29810 	1.025684
6584.31946 	1.027524
6584.34082 	1.028674
6584.36218 	1.028743
6584.38354 	1.02791
6584.40491 	1.026664
6584.42627 	1.025662
6584.44763 	1.025074
6584.46899 	1.024674
6584.49036 	1.023942
6584.51172 	1.022606
6584.53308 	1.02099
6584.55444 	1.019598
6584.57581 	1.018953
6584.59717 	1.019044
6584.61853 	1.019523
6584.63989 	1.020065
6584.66125 	1.020554
6584.68262 	1.021233
6584.70398 	1.022098
6584.72534 	1.023112
6584.74670 	1.02391
6584.76807 	1.024116
6584.78943 	1.023706
6584.81079 	1.022611
6584.83215 	1.021275
6584.85352 	1.020085
6584.87488 	1.019222
6584.89624 	1.018648
6584.91760 	1.017997
6584.93896 	1.01724
6584.96033 	1.01656
6584.98169 	1.016301
6585.00305 	1.016323
6585.02441 	1.016214
6585.04578 	1.015469
6585.06714 	1.01431
6585.08850 	1.013296
6585.10986 	1.012876
6585.13123 	1.013188
6585.15259 	1.013443
6585.17395 	1.01344
6585.19531 	1.013182
6585.21667 	1.013316
6585.23804 	1.013977
6585.25940 	1.014853
6585.28076 	1.015329
6585.30212 	1.014782
6585.32349 	1.01339
6585.34485 	1.011528
6585.36621 	1.009874
6585.38757 	1.008925
6585.40894 	1.008869
6585.43030 	1.009484
6585.45166 	1.01033
6585.47302 	1.010884
6585.49438 	1.010954
6585.51575 	1.010772
6585.53711 	1.0105
6585.55847 	1.01018
6585.57983 	1.00942
6585.60120 	1.007872
6585.62256 	1.005627
6585.64392 	1.002957
6585.66528 	1.000279
6585.68665 	0.9977323
6585.70801 	0.9953262
6585.72937 	0.993311
6585.75073 	0.99221
6585.77209 	0.9924256
6585.79346 	0.9938488
6585.81482 	0.9959795
6585.83618 	0.9981804
6585.85754 	1.000135
6585.87891 	1.002445
6585.90027 	1.005245
6585.92163 	1.008209
6585.94299 	1.010499
6585.96436 	1.011621
6585.98572 	1.01153
6586.00708 	1.010877
6586.02844 	1.010331
6586.04980 	1.009928
6586.07117 	1.009595
6586.09253 	1.009091
6586.11389 	1.008396
6586.13525 	1.007614
6586.15662 	1.006988
6586.17798 	1.006606
6586.19934 	1.006595
6586.22070 	1.006902
6586.24207 	1.007403
6586.26343 	1.007606
6586.28479 	1.006955
6586.30615 	1.005113
6586.32751 	1.001816
6586.34888 	0.9970447
6586.37024 	0.9909257
6586.39160 	0.9833457
6586.41296 	0.9750764
6586.43433 	0.9667022
6586.45569 	0.9588757
6586.47705 	0.9522044
6586.49841 	0.9472106
6586.51978 	0.9438002
6586.54114 	0.9417448
6586.56250 	0.9408994
6586.58386 	0.9412061
6586.60522 	0.9427572
6586.62659 	0.9452207
6586.64795 	0.9479316
6586.66931 	0.9503519
6586.69067 	0.9525188
6586.71204 	0.9550229
6586.73340 	0.9585016
6586.75476 	0.9630095
6586.77612 	0.9680783
6586.79749 	0.973294
6586.81885 	0.9784865
6586.84021 	0.9836136
6586.86157 	0.988086
6586.88293 	0.9918377
6586.90430 	0.9944066
6586.92566 	0.9958979
6586.94702 	0.9967429
6586.96838 	0.9976521
6586.98975 	0.9987134
6587.01111 	0.9998255
6587.03247 	1.000559
6587.05383 	1.000759
6587.07520 	1.000727
6587.09656 	1.000851
6587.11792 	1.001497
6587.13928 	1.002222
6587.16064 	1.003008
6587.18201 	1.003627
6587.20337 	1.004085
6587.22473 	1.004819
6587.24609 	1.00571
6587.26746 	1.00673
6587.28882 	1.007648
6587.31018 	1.008301
6587.33154 	1.008435
6587.35291 	1.007871
6587.37427 	1.00675
6587.39563 	1.005351
6587.41699 	1.004115
6587.43835 	1.003633
6587.45972 	1.003981
6587.48108 	1.004759
6587.50244 	1.005605
6587.52380 	1.006214
6587.54517 	1.006519
6587.56653 	1.006608
6587.58789 	1.006659
6587.60925 	1.006683
6587.63062 	1.006594
6587.65198 	1.006524
6587.67334 	1.00644
6587.69470 	1.00622
6587.71606 	1.005917
6587.73743 	1.005628
6587.75879 	1.005528
6587.78015 	1.005697
6587.80151 	1.006038
6587.82288 	1.006117
6587.84424 	1.005418
6587.86560 	1.004076
6587.88696 	1.002535
6587.90833 	1.001204
6587.92969 	1.00054
6587.95105 	1.00071
6587.97241 	1.001724
6587.99377 	1.003475
6588.01514 	1.005628
6588.03650 	1.007275
6588.05786 	1.007825
6588.07922 	1.006996
6588.10059 	1.005549
6588.12195 	1.004195
6588.14331 	1.003394
6588.16467 	1.002668
6588.18604 	1.000961
6588.20740 	0.998646
6588.22876 	0.9962886
6588.25012 	0.9955169
6588.27148 	0.9968469
6588.29285 	0.9995202
6588.31421 	1.002394
6588.33557 	1.004038
6588.35693 	1.004546
6588.37830 	1.004326
6588.39966 	1.003567
6588.42102 	1.002625
6588.44238 	1.001235
6588.46375 	0.9991232
6588.48511 	0.9964343
6588.50647 	0.9932972
6588.52783 	0.9902964
6588.54919 	0.9879873
6588.57056 	0.9867175
6588.59192 	0.986846
6588.61328 	0.9880638
6588.63464 	0.9898052
6588.65601 	0.9916398
6588.67737 	0.9932192
6588.69873 	0.9946065
6588.72009 	0.9959252
6588.74146 	0.9969541
6588.76282 	0.9972039
6588.78418 	0.9964979
6588.80554 	0.9953473
6588.82690 	0.9946069
6588.84827 	0.9951021
6588.86963 	0.9967762
6588.89099 	0.9985956
6588.91235 	0.9994795
6588.93372 	0.9991911
6588.95508 	0.9982604
6588.97644 	0.9974622
6588.99780 	0.9972402
6589.01917 	0.9970381
6589.04053 	0.9963675
6589.06189 	0.9951096
6589.08325 	0.9938368
6589.10461 	0.9932465
6589.12598 	0.9935665
6589.14734 	0.994523
6589.16870 	0.9956532
6589.19006 	0.9964223
6589.21143 	0.9970011
6589.23279 	0.9975388
6589.25415 	0.9981258
6589.27551 	0.9989086
6589.29688 	0.9997255
6589.31824 	1.000497
6589.33960 	1.000962
6589.36096 	1.000555
6589.38232 	0.9991944
6589.40369 	0.9970511
6589.42505 	0.9946653
6589.44641 	0.9930823
6589.46777 	0.9927551
6589.48914 	0.9934504
6589.51050 	0.9947357
6589.53186 	0.996169
6589.55322 	0.99775
6589.57458 	0.9996338
6589.59595 	1.001503
6589.61731 	1.002633
6589.63867 	1.00247
6589.66003 	1.00122
6589.68140 	0.9996174
6589.70276 	0.998343
6589.72412 	0.9974384
6589.74548 	0.99631
6589.76685 	0.9947476
6589.78821 	0.993274
6589.80957 	0.9926586
6589.83093 	0.9932638
6589.85229 	0.9947928
6589.87366 	0.9964711
6589.89502 	0.9977316
6589.91638 	0.9988689
6589.93774 	1.000146
6589.95911 	1.001369
6589.98047 	1.00189
6590.00183 	1.001104
6590.02319 	0.9991153
6590.04456 	0.9968851
6590.06592 	0.995105
6590.08728 	0.9944131
6590.10864 	0.9943565
6590.13000 	0.9941249
6590.15137 	0.9934976
6590.17273 	0.9922916
6590.19409 	0.9909287
6590.21545 	0.9896125
6590.23682 	0.9882761
6590.25818 	0.9870119
6590.27954 	0.9861459
6590.30090 	0.9861556
6590.32227 	0.9872631
6590.34363 	0.9891821
6590.36499 	0.9917045
6590.38635 	0.9940678
6590.40771 	0.9956648
6590.42908 	0.9960955
6590.45044 	0.9949936
6590.47180 	0.9923185
6590.49316 	0.9888759
6590.51453 	0.9857067
6590.53589 	0.9835647
6590.55725 	0.9826347
6590.57861 	0.982536
6590.59998 	0.9827077
6590.62134 	0.9829119
6590.64270 	0.983381
6590.66406 	0.9841295
6590.68542 	0.9848729
6590.70679 	0.9852563
6590.72815 	0.985056
6590.74951 	0.9845034
6590.77087 	0.9838678
6590.79224 	0.9833432
6590.81360 	0.98294
6590.83496 	0.9826708
6590.85632 	0.982762
6590.87769 	0.9834825
6590.89905 	0.9846443
6590.92041 	0.985813
6590.94177 	0.9863977
6590.96313 	0.986188
6590.98450 	0.9854421
6591.00586 	0.9845362
6591.02722 	0.9835814
6591.04858 	0.9828394
6591.06995 	0.9821239
6591.09131 	0.9814992
6591.11267 	0.9809546
6591.13403 	0.9804284
6591.15540 	0.9796874
6591.17676 	0.9785692
6591.19812 	0.977033
6591.21948 	0.9751608
6591.24084 	0.9733651
6591.26221 	0.9720719
6591.28357 	0.9718304
6591.30493 	0.9727318
6591.32629 	0.9748141
6591.34766 	0.9777708
6591.36902 	0.9808868
6591.39038 	0.9835184
6591.41174 	0.9851881
6591.43311 	0.9856048
6591.45447 	0.9848924
6591.47583 	0.9833124
6591.49719 	0.981147
6591.51855 	0.9788035
6591.53992 	0.9768257
6591.56128 	0.9756331
6591.58264 	0.975311
6591.60400 	0.975842
6591.62537 	0.9768245
6591.64673 	0.9776173
6591.66809 	0.9779754
6591.68945 	0.9780174
6591.71082 	0.9781045
6591.73218 	0.9785386
6591.75354 	0.9793776
6591.77490 	0.9801372
6591.79626 	0.9804242
6591.81763 	0.9801174
6591.83899 	0.9796181
6591.86035 	0.9792397
6591.88171 	0.9793226
6591.90308 	0.979941
6591.92444 	0.9808937
6591.94580 	0.9821853
6591.96716 	0.9833626
6591.98853 	0.9839873
6592.00989 	0.9837634
6592.03125 	0.9828001
6592.05261 	0.9816222
6592.07397 	0.9806612
6592.09534 	0.9800572
6592.11670 	0.9797692
6592.13806 	0.9795711
6592.15942 	0.979277
6592.18079 	0.9789736
6592.20215 	0.9787467
6592.22351 	0.9787259
6592.24487 	0.9788512
6592.26624 	0.9790368
6592.28760 	0.9789909
6592.30896 	0.9783856
6592.33032 	0.9772971
6592.35168 	0.9758006
6592.37305 	0.9742887
6592.39441 	0.9730482
6592.41577 	0.9721452
6592.43713 	0.9714447
6592.45850 	0.9705115
6592.47986 	0.9693889
6592.50122 	0.9684325
6592.52258 	0.9680897
6592.54395 	0.968814
6592.56531 	0.9704612
6592.58667 	0.9724643
6592.60803 	0.9741825
6592.62939 	0.975442
6592.65076 	0.9764363
6592.67212 	0.9772102
6592.69348 	0.9779149
6592.71484 	0.9784339
6592.73621 	0.9785175
6592.75757 	0.9782443
6592.77893 	0.9775546
6592.80029 	0.9767048
6592.82166 	0.9759257
6592.84302 	0.9755425
6592.86438 	0.9756951
6592.88574 	0.9761348
6592.90710 	0.9762327
6592.92847 	0.9757008
6592.94983 	0.9743541
6592.97119 	0.9725314
6592.99255 	0.9707654
6593.01392 	0.9692491
6593.03528 	0.9680338
6593.05664 	0.9670892
6593.07800 	0.9662977
6593.09937 	0.9657043
6593.12073 	0.9651746
6593.14209 	0.9647364
6593.16345 	0.9640779
6593.18481 	0.963411
6593.20618 	0.9630289
6593.22754 	0.963203
6593.24890 	0.9640898
6593.27026 	0.9654959
6593.29163 	0.9670913
6593.31299 	0.9686437
6593.33435 	0.9701529
6593.35571 	0.9715934
6593.37708 	0.9729006
6593.39844 	0.9739325
6593.41980 	0.9744787
6593.44116 	0.9745291
6593.46252 	0.9741929
6593.48389 	0.973749
6593.50525 	0.973506
6593.52661 	0.9736201
6593.54797 	0.9742141
6593.56934 	0.9750493
6593.59070 	0.9755642
6593.61206 	0.9752536
6593.63342 	0.9742461
6593.65479 	0.973098
6593.67615 	0.9724472
6593.69751 	0.9727679
6593.71887 	0.9738922
6593.74023 	0.975572
6593.76160 	0.9772885
6593.78296 	0.9785196
6593.80432 	0.9787499
6593.82568 	0.9777006
6593.84705 	0.9756251
6593.86841 	0.9733467
6593.88977 	0.9714718
6593.91113 	0.9703929
6593.93250 	0.9700086
6593.95386 	0.9699799
6593.97522 	0.9702051
6593.99658 	0.9705625
6594.01794 	0.971226
6594.03931 	0.9716792
6594.06067 	0.9717446
6594.08203 	0.9714807
6594.10339 	0.9710205
6594.12476 	0.9707448
6594.14612 	0.9705889
6594.16748 	0.9704962
6594.18884 	0.9703571
6594.21021 	0.9702095
6594.23157 	0.9703782
6594.25293 	0.9708885
6594.27429 	0.9713511
6594.29565 	0.9712743
6594.31702 	0.9699988
6594.33838 	0.967165
6594.35974 	0.9630651
6594.38110 	0.9583422
6594.40247 	0.953895
6594.42383 	0.9502673
6594.44519 	0.9475544
6594.46655 	0.9457415
6594.48792 	0.9449044
6594.50928 	0.9454061
6594.53064 	0.9474363
6594.55200 	0.9504663
6594.57336 	0.9534585
6594.59473 	0.9554737
6594.61609 	0.9564692
6594.63745 	0.9571102
6594.65881 	0.9584514
6594.68018 	0.9606438
6594.70154 	0.963363
6594.72290 	0.9659088
6594.74426 	0.9678208
6594.76563 	0.9692477
6594.78699 	0.9702491
6594.80835 	0.9709053
6594.82971 	0.9711622
6594.85107 	0.9707863
6594.87244 	0.9699472
6594.89380 	0.9689462
6594.91516 	0.9683113
6594.93652 	0.9683111
6594.95789 	0.9688027
6594.97925 	0.9693527
6595.00061 	0.969714
6595.02197 	0.9698861
6595.04333 	0.9702724
6595.06470 	0.9711178
6595.08606 	0.9724788
6595.10742 	0.9740016
6595.12878 	0.9751458
6595.15015 	0.9757107
6595.17151 	0.9757037
6595.19287 	0.9752747
6595.21423 	0.9747697
6595.23560 	0.9744206
6595.25696 	0.9740836
6595.27832 	0.9736072
6595.29968 	0.9729135
6595.32104 	0.9721915
6595.34241 	0.9719056
6595.36377 	0.9722945
6595.38513 	0.9731281
6595.40649 	0.9736956
6595.42786 	0.9734069
6595.44922 	0.972379
6595.47058 	0.9711791
6595.49194 	0.9707177
6595.51331 	0.9712517
6595.53467 	0.9721753
6595.55603 	0.972591
6595.57739 	0.9720482
6595.59875 	0.9708104
6595.62012 	0.9696777
6595.64148 	0.9696421
6595.66284 	0.9707102
6595.68420 	0.9723473
6595.70557 	0.9738629
6595.72693 	0.9748225
6595.74829 	0.975392
6595.76965 	0.9758506
6595.79102 	0.9763864
6595.81238 	0.9768762
6595.83374 	0.976917
6595.85510 	0.9766513
6595.87646 	0.9762796
6595.89783 	0.9760706
6595.91919 	0.9761676
6595.94055 	0.9762592
6595.96191 	0.976084
6595.98328 	0.975678
6596.00464 	0.9752719
6596.02600 	0.9751477
6596.04736 	0.9752437
6596.06873 	0.9752099
6596.09009 	0.9748897
6596.11145 	0.9744445
6596.13281 	0.9741579
6596.15417 	0.9740346
6596.17554 	0.9738306
6596.19690 	0.9732571
6596.21826 	0.9722107
6596.23962 	0.9709272
6596.26099 	0.969788
6596.28235 	0.9690441
6596.30371 	0.9687625
6596.32507 	0.9691645
6596.34644 	0.9700671
6596.36780 	0.9714651
6596.38916 	0.9731687
6596.41052 	0.9748707
6596.43188 	0.9761857
6596.45325 	0.9766142
6596.47461 	0.9760865
6596.49597 	0.9747846
6596.51733 	0.973147
6596.53870 	0.9714499
6596.56006 	0.9696718
6596.58142 	0.9678177
6596.60278 	0.9660713
6596.62415 	0.964889
6596.64551 	0.9644769
6596.66687 	0.96464
6596.68823 	0.9648627
6596.70959 	0.9648328
6596.73096 	0.9647427
6596.75232 	0.9649622
6596.77368 	0.965566
6596.79504 	0.9663027
6596.81641 	0.9666114
6596.83777 	0.9662903
6596.85913 	0.9657395
6596.88049 	0.9652607
6596.90186 	0.9648529
6596.92322 	0.9641604
6596.94458 	0.9627916
6596.96594 	0.9607886
6596.98730 	0.9586938
6597.00867 	0.9572975
6597.03003 	0.9571604
6597.05139 	0.9582287
6597.07275 	0.9601162
6597.09412 	0.9621358
6597.11548 	0.9637304
6597.13684 	0.9647891
6597.15820 	0.9654437
6597.17957 	0.9658634
6597.20093 	0.9661524
6597.22229 	0.9662777
6597.24365 	0.9661032
6597.26501 	0.9658474
6597.28638 	0.9656168
6597.30774 	0.965592
6597.32910 	0.9657456
6597.35046 	0.9658042
6597.37183 	0.9652948
6597.39319 	0.9642783
6597.41455 	0.963136
6597.43591 	0.962427
6597.45728 	0.9624605
6597.47864 	0.9631139
6597.50000 	0.9640777
6597.52136 	0.9649153
6597.54272 	0.9655513
6597.56409 	0.9660178
6597.58545 	0.9663118
6597.60681 	0.9665644
6597.62817 	0.9670599
6597.64954 	0.96798
6597.67090 	0.9691219
6597.69226 	0.9701555
6597.71362 	0.9707093
6597.73499 	0.9706842
6597.75635 	0.9704932
6597.77771 	0.9703876
6597.79907 	0.9703382
6597.82043 	0.9700515
6597.84180 	0.9692969
6597.86316 	0.9683312
6597.88452 	0.9671984
6597.90588 	0.9663082
6597.92725 	0.9658394
6597.94861 	0.9659538
6597.96997 	0.9666059
6597.99133 	0.9673985
6598.01270 	0.968089
6598.03406 	0.9682738
6598.05542 	0.9680196
6598.07678 	0.9678136
6598.09814 	0.9676347
6598.11951 	0.9673892
6598.14087 	0.967066
6598.16223 	0.966674
6598.18359 	0.9664161
6598.20496 	0.9661327
6598.22632 	0.9655773
6598.24768 	0.9645837
6598.26904 	0.9631664
6598.29041 	0.9617499
6598.31177 	0.9607715
6598.33313 	0.960317
6598.35449 	0.9603333
6598.37585 	0.9608083
6598.39722 	0.9616756
6598.41858 	0.9629127
6598.43994 	0.9643599
6598.46130 	0.9656522
6598.48267 	0.9663315
6598.50403 	0.9661634
6598.52539 	0.9654359
6598.54675 	0.9646136
6598.56812 	0.9642345
6598.58948 	0.9643673
6598.61084 	0.9645986
6598.63220 	0.964321
6598.65356 	0.9631268
6598.67493 	0.9612768
6598.69629 	0.9591782
6598.71765 	0.957188
6598.73901 	0.955577
6598.76038 	0.9542674
6598.78174 	0.9535309
6598.80310 	0.9535124
6598.82446 	0.9543735
6598.84583 	0.9561133
6598.86719 	0.9581854
6598.88855 	0.9601443
6598.90991 	0.9616101
6598.93127 	0.9624569
6598.95264 	0.9628938
6598.97400 	0.9631718
6598.99536 	0.9637538
6599.01672 	0.9647973
6599.03809 	0.9661565
6599.05945 	0.9673155
6599.08081 	0.9677229
6599.10217 	0.9672199
6599.12354 	0.9659906
6599.14490 	0.9643837
6599.16626 	0.9627068
6599.18762 	0.9611819
6599.20898 	0.9598662
6599.23035 	0.9587928
6599.25171 	0.958047
6599.27307 	0.957399
6599.29443 	0.9565413
6599.31580 	0.9554647
6599.33716 	0.954235
6599.35852 	0.9529194
6599.37988 	0.9514234
6599.40125 	0.9493272
6599.42261 	0.9464474
6599.44397 	0.9429182
6599.46533 	0.9391205
6599.48669 	0.9355066
6599.50806 	0.9323668
6599.52942 	0.9298325
6599.55078 	0.9278955
6599.57214 	0.9266369
6599.59351 	0.9262754
6599.61487 	0.9270993
6599.63623 	0.929394
6599.65759 	0.9328486
6599.67896 	0.9368753
6599.70032 	0.9405355
6599.72168 	0.9434006
6599.74304 	0.9455492
6599.76440 	0.9473213
6599.78577 	0.9489831
6599.80713 	0.9504501
6599.82849 	0.9515696
6599.84985 	0.9522555
6599.87122 	0.9526985
6599.89258 	0.9530906
6599.91394 	0.9535367
6599.93530 	0.9539703
6599.95667 	0.9543222
6599.97803 	0.954731
6599.99939 	0.9553757
6600.02075 	0.9565902
6600.04211 	0.9582286
6600.06348 	0.9596155
6600.08484 	0.9602994
6600.10620 	0.959981
6600.12756 	0.9591085
6600.14893 	0.9584347
6600.17029 	0.9583037
6600.19165 	0.9584716
6600.21301 	0.9582074
6600.23438 	0.9574468
6600.25574 	0.9565212
6600.27710 	0.9561934
6600.29846 	0.9569535
6600.31982 	0.9584254
6600.34119 	0.9598533
6600.36255 	0.9608769
6600.38391 	0.9612668
6600.40527 	0.9612803
6600.42664 	0.9610958
6600.44800 	0.9608085
6600.46936 	0.9606593
6600.49072 	0.9609323
6600.51208 	0.9617725
6600.53345 	0.9630048
6600.55481 	0.9639709
6600.57617 	0.9640172
6600.59753 	0.9629039
6600.61890 	0.9609711
6600.64026 	0.9590021
6600.66162 	0.957558
6600.68298 	0.956807
6600.70435 	0.9566236
6600.72571 	0.9567056
6600.74707 	0.956837
6600.76843 	0.957051
6600.78979 	0.9575173
6600.81116 	0.9582178
6600.83252 	0.9591474
6600.85388 	0.9601641
6600.87524 	0.9610084
6600.89661 	0.9616271
6600.91797 	0.9620575
6600.93933 	0.9626462
6600.96069 	0.9634506
6600.98206 	0.9645604
6601.00342 	0.9655871
6601.02478 	0.9660776
6601.04614 	0.9658366
6601.06750 	0.9651666
6601.08887 	0.9645516
6601.11023 	0.9642447
6601.13159 	0.9642217
6601.15295 	0.9641212
6601.17432 	0.9637746
6601.19568 	0.9634523
6601.21704 	0.9634503
6601.23840 	0.96382
6601.25977 	0.9643598
6601.28113 	0.964574
6601.30249 	0.9642443
6601.32385 	0.9635555
6601.34521 	0.9627766
6601.36658 	0.9622686
6601.38794 	0.9622388
6601.40930 	0.9626293
6601.43066 	0.9631546
6601.45203 	0.9634598
6601.47339 	0.9633607
6601.49475 	0.9627661
6601.51611 	0.9619517
6601.53748 	0.9613461
6601.55884 	0.9611332
6601.58020 	0.9613947
6601.60156 	0.961877
6601.62292 	0.9622825
6601.64429 	0.9621739
6601.66565 	0.9617425
6601.68701 	0.9612279
6601.70837 	0.9609799
6601.72974 	0.9611832
6601.75110 	0.9615157
6601.77246 	0.9614986
6601.79382 	0.9606383
6601.81519 	0.9591517
6601.83655 	0.9573067
6601.85791 	0.9557346
6601.87927 	0.9549522
6601.90063 	0.955067
6601.92200 	0.9558016
6601.94336 	0.9566993
6601.96472 	0.9573535
6601.98608 	0.9574678
6602.00745 	0.9570382
6602.02881 	0.9564833
6602.05017 	0.955853
6602.07153 	0.9549466
6602.09290 	0.9537128
6602.11426 	0.9520509
6602.13562 	0.950255
6602.15698 	0.9488399
6602.17834 	0.9479493
6602.19971 	0.9473559
6602.22107 	0.9464819
6602.24243 	0.9449947
6602.26379 	0.9430118
6602.28516 	0.9406874
6602.30652 	0.9383264
6602.32788 	0.9359763
6602.34924 	0.9335615
6602.37061 	0.9316115
6602.39197 	0.9304892
6602.41333 	0.9306327
6602.43469 	0.931761
6602.45605 	0.9334697
6602.47742 	0.9355676
6602.49878 	0.9380829
6602.52014 	0.9412717
6602.54150 	0.9448685
6602.56287 	0.9484178
6602.58423 	0.9510762
6602.60559 	0.9525551
6602.62695 	0.9532136
6602.64832 	0.9535532
6602.66968 	0.9542732
6602.69104 	0.9555812
6602.71240 	0.9571841
6602.73376 	0.9586014
6602.75513 	0.9595574
6602.77649 	0.9599297
6602.79785 	0.9596169
6602.81921 	0.9586187
6602.84058 	0.9567255
6602.86194 	0.9539096
6602.88330 	0.950888
6602.90466 	0.9487232
6602.92603 	0.9481853
6602.94739 	0.9491749
6602.96875 	0.950788
6602.99011 	0.9522389
6603.01147 	0.9528719
6603.03284 	0.9532065
6603.05420 	0.9537427
6603.07556 	0.9545572
6603.09692 	0.955767
6603.11829 	0.9571747
6603.13965 	0.9585078
6603.16101 	0.9596845
6603.18237 	0.9606749
6603.20374 	0.9612017
6603.22510 	0.9611524
6603.24646 	0.9606439
6603.26782 	0.9599745
6603.28918 	0.9594256
6603.31055 	0.9592316
6603.33191 	0.9594997
6603.35327 	0.9600714
6603.37463 	0.9604699
6603.39600 	0.9604154
6603.41736 	0.9599534
6603.43872 	0.9592785
6603.46008 	0.9587349
6603.48145 	0.9584464
6603.50281 	0.9580351
6603.52417 	0.9569818
6603.54553 	0.955226
6603.56689 	0.9531971
6603.58826 	0.9514666
6603.60962 	0.9507027
6603.63098 	0.9509898
6603.65234 	0.9516371
6603.67371 	0.9518266
6603.69507 	0.9512237
6603.71643 	0.9499083
6603.73779 	0.948366
6603.75916 	0.9473093
6603.78052 	0.9467186
6603.80188 	0.9466105
6603.82324 	0.9466735
6603.84460 	0.9469682
6603.86597 	0.94758
6603.88733 	0.9484169
6603.90869 	0.9493509
6603.93005 	0.950151
6603.95142 	0.9507828
6603.97278 	0.9513531
6603.99414 	0.951824
6604.01550 	0.9522102
6604.03687 	0.9524469
6604.05823 	0.9525735
6604.07959 	0.9526282
6604.10095 	0.9526054
6604.12231 	0.9525416
6604.14368 	0.9524778
6604.16504 	0.9524604
6604.18640 	0.9524714
6604.20776 	0.9523453
6604.22913 	0.9520108
6604.25049 	0.9518228
6604.27185 	0.9519663
6604.29321 	0.9526497
6604.31458 	0.9534301
6604.33594 	0.9537925
6604.35730 	0.9536918
6604.37866 	0.9534975
6604.40002 	0.9534902
6604.42139 	0.9536339
6604.44275 	0.9533789
6604.46411 	0.9524878
6604.48547 	0.9513313
6604.50684 	0.9507208
6604.52820 	0.9513521
6604.54956 	0.9529755
6604.57092 	0.9546162
6604.59229 	0.9554586
6604.61365 	0.955205
6604.63501 	0.954229
6604.65637 	0.953262
6604.67773 	0.9528503
6604.69910 	0.9531255
6604.72046 	0.9538491
6604.74182 	0.9544834
6604.76318 	0.9545991
6604.78455 	0.9540777
6604.80591 	0.9530359
6604.82727 	0.9519981
6604.84863 	0.9513366
6604.87000 	0.9509349
6604.89136 	0.9506186
6604.91272 	0.9500423
6604.93408 	0.9493837
6604.95544 	0.9489409
6604.97681 	0.9487779
6604.99817 	0.9487364
6605.01953 	0.9484265
6605.04089 	0.9476475
6605.06226 	0.946685
6605.08362 	0.9458967
6605.10498 	0.9458662
6605.12634 	0.9466157
6605.14771 	0.9477907
6605.16907 	0.9490662
6605.19043 	0.9499253
6605.21179 	0.9502861
6605.23315 	0.9501749
6605.25452 	0.9498179
6605.27588 	0.9495552
6605.29724 	0.9495503
6605.31860 	0.9498497
6605.33997 	0.9503665
6605.36133 	0.9505746
6605.38269 	0.9501109
6605.40405 	0.9490865
6605.42542 	0.948016
6605.44678 	0.9477968
6605.46814 	0.9488037
6605.48950 	0.950663
6605.51086 	0.952564
6605.53223 	0.9536721
6605.55359 	0.9537823
6605.57495 	0.9532012
6605.59631 	0.9523688
6605.61768 	0.9514942
6605.63904 	0.950343
6605.66040 	0.9490392
6605.68176 	0.9477441
6605.70313 	0.946745
6605.72449 	0.9464003
6605.74585 	0.9463413
6605.76721 	0.9460335
6605.78857 	0.9450902
6605.80994 	0.9434165
6605.83130 	0.9415205
6605.85266 	0.9399712
6605.87402 	0.9391281
6605.89539 	0.9389676
6605.91675 	0.9392591
6605.93811 	0.9398166
6605.95947 	0.9402521
6605.98083 	0.9404647
6606.00220 	0.9406945
6606.02356 	0.9408883
6606.04492 	0.9409839
6606.06628 	0.9409807
6606.08765 	0.9408094
6606.10901 	0.9405774
6606.13037 	0.9404011
6606.15173 	0.9404917
6606.17310 	0.9409899
6606.19446 	0.9418796
6606.21582 	0.9434252
6606.23718 	0.9452664
6606.25854 	0.9467704
6606.27991 	0.9474879
6606.30127 	0.9471248
6606.32263 	0.9463218
6606.34399 	0.9456143
6606.36536 	0.9457361
6606.38672 	0.9466794
6606.40808 	0.9480494
6606.42944 	0.9493194
6606.45081 	0.9501123
6606.47217 	0.9502453
6606.49353 	0.9497806
6606.51489 	0.948929
6606.53625 	0.947698
6606.55762 	0.9460717
6606.57898 	0.9444101
6606.60034 	0.9433094
6606.62170 	0.9432403
6606.64307 	0.9444234
6606.66443 	0.9465713
6606.68579 	0.9488858
6606.70715 	0.9506364
6606.72852 	0.9514597
6606.74988 	0.9513947
6606.77124 	0.9507223
6606.79260 	0.949933
6606.81396 	0.9492382
6606.83533 	0.9487714
6606.85669 	0.9485273
6606.87805 	0.9485996
6606.89941 	0.9489281
6606.92078 	0.9498343
6606.94214 	0.951207
6606.96350 	0.9527742
6606.98486 	0.9540356
6607.00623 	0.9544739
6607.02759 	0.9541373
6607.04895 	0.9532762
6607.07031 	0.9524334
6607.09167 	0.9517608
6607.11304 	0.9510336
6607.13440 	0.9499363
6607.15576 	0.948489
6607.17712 	0.9471246
6607.19849 	0.9464061
6607.21985 	0.9467509
6607.24121 	0.9479659
6607.26257 	0.94935
6607.28394 	0.9501777
6607.30530 	0.950171
6607.32666 	0.9496219
6607.34802 	0.9492709
6607.36938 	0.949589
6607.39075 	0.950417
6607.41211 	0.9512911
6607.43347 	0.9514795
6607.45483 	0.9506269
6607.47620 	0.9489912
6607.49756 	0.9469333
6607.51892 	0.9451378
6607.54028 	0.9441277
6607.56165 	0.94402
6607.58301 	0.9449008
6607.60437 	0.9462459
6607.62573 	0.9475917
6607.64709 	0.9484247
6607.66846 	0.9485744
6607.68982 	0.9483191
6607.71118 	0.9479748
6607.73254 	0.9478097
6607.75391 	0.9479708
6607.77527 	0.9483622
6607.79663 	0.9488631
6607.81799 	0.9493362
6607.83936 	0.9496316
6607.86072 	0.9498071
6607.88208 	0.9498276
6607.90344 	0.9498288
6607.92480 	0.9500142
6607.94617 	0.9505018
6607.96753 	0.9512966
6607.98889 	0.9520504
6608.01025 	0.9525627
6608.03162 	0.9527137
6608.05298 	0.9525374
6608.07434 	0.9519869
6608.09570 	0.9512493
6608.11707 	0.9502388
6608.13843 	0.9490815
6608.15979 	0.9480162
6608.18115 	0.9470921
6608.20251 	0.9465376
6608.22388 	0.9462529
6608.24524 	0.9459755
6608.26660 	0.9454859
6608.28796 	0.9446377
6608.30933 	0.9435822
6608.33069 	0.9425318
6608.35205 	0.9417264
6608.37341 	0.9412748
6608.39478 	0.9410395
6608.41614 	0.9411191
6608.43750 	0.9416338
6608.45886 	0.9427163
6608.48022 	0.9443153
6608.50159 	0.945823
6608.52295 	0.9468472
6608.54431 	0.9471074
6608.56567 	0.9467577
6608.58704 	0.9463466
6608.60840 	0.9460619
6608.62976 	0.9460586
6608.65112 	0.9463037
6608.67249 	0.9466643
6608.69385 	0.9470601
6608.71521 	0.9474133
6608.73657 	0.9475242
6608.75793 	0.9472334
6608.77930 	0.9465683
6608.80066 	0.9458092
6608.82202 	0.9454909
6608.84338 	0.9459776
6608.86475 	0.9472721
6608.88611 	0.949077
6608.90747 	0.9507322
6608.92883 	0.9518571
6608.95020 	0.9526447
6608.97156 	0.9532022
6608.99292 	0.9534806
6609.01428 	0.9531196
6609.03564 	0.9517571
6609.05701 	0.9495276
6609.07837 	0.9472712
6609.09973 	0.9458535
6609.12109 	0.9453432
6609.14246 	0.9454957
6609.16382 	0.9455902
6609.18518 	0.9453874
6609.20654 	0.9450113
6609.22791 	0.9447567
6609.24927 	0.9445451
6609.27063 	0.9441721
6609.29199 	0.9436193
6609.31335 	0.9429976
6609.33472 	0.942639
6609.35608 	0.9427866
6609.37744 	0.9431962
6609.39880 	0.9435063
6609.42017 	0.9434686
6609.44153 	0.9430473
6609.46289 	0.9424358
6609.48425 	0.9418512
6609.50562 	0.9415578
6609.52698 	0.9417123
6609.54834 	0.942372
6609.56970 	0.9434635
6609.59106 	0.9447749
6609.61243 	0.9461094
6609.63379 	0.9473658
6609.65515 	0.9485517
6609.67651 	0.9493112
6609.69788 	0.9494979
6609.71924 	0.9488231
6609.74060 	0.9475871
6609.76196 	0.946228
6609.78333 	0.9451857
6609.80469 	0.9446834
6609.82605 	0.9445416
6609.84741 	0.9444875
6609.86877 	0.9444287
6609.89014 	0.9442108
6609.91150 	0.9437769
6609.93286 	0.9430863
6609.95422 	0.9421475
6609.97559 	0.9412234
